Date/Time: 2026-05-07 08:30:34

Input:
Input file: ./Input-Files/in-out.txt
Input Absorbance: [0.001, 0.001, 0.001, 0.001, 0.001, 0.001, 0.001, 0.001, 0.001, 0.001, 0.001, 0.001, 0.001, 0.001, 0.001, 0.001, 0.001, 0.001, 0.001, 0.001, 0.001, 0.001, 0.001, 0.001, 0.001, 0.001, 0.005165, 0.0033359, 0.0050768, 0.0041316, 0.0061805, 0.0090448, 0.0082936, 0.0093196, 0.010889, 0.01348, 0.01487, 0.014372, 0.017967, 0.019703, 0.021297, 0.023067, 0.024959, 0.026761, 0.028335, 0.029837, 0.031435, 0.03305, 0.034481, 0.035911, 0.037257, 0.038627, 0.040175, 0.041635, 0.042969, 0.044598, 0.046361, 0.04835, 0.05053, 0.052805, 0.055589, 0.05902, 0.062884, 0.067398, 0.072652, 0.078848, 0.085942, 0.093853, 0.10289, 0.11322, 0.12488, 0.13832, 0.15316, 0.16964, 0.18813, 0.20853, 0.23064, 0.25439, 0.27952, 0.30629, 0.33448, 0.36364, 0.39393, 0.42516, 0.45704, 0.48949, 0.52204, 0.55503, 0.58801, 0.6209, 0.65351, 0.68543, 0.71659, 0.74731, 0.77737, 0.8067, 0.83511, 0.86237, 0.88926, 0.91507, 0.9402, 0.96461, 0.98785, 1.01, 1.0309, 1.0506, 1.0686, 1.087, 1.1042, 1.1204, 1.1355, 1.1495, 1.1628, 1.1752, 1.1869, 1.1977, 1.2076, 1.2166, 1.2247, 1.2321, 1.2391, 1.2453, 1.251, 1.2567, 1.261, 1.2651, 1.2688, 1.2722, 1.2754, 1.278, 1.2802, 1.2821, 1.2835, 1.2846, 1.2855, 1.2862, 1.2869, 1.2874, 1.2878, 1.2881, 1.2881, 1.2878, 1.2874, 1.2866, 1.2857, 1.2849, 1.2838, 1.2828, 1.2818, 1.2808, 1.2799, 1.2788, 1.2778, 1.2766, 1.2752, 1.2739, 1.2725, 1.2711, 1.2696, 1.2682, 1.2666, 1.2651, 1.2632, 1.2614, 1.2596, 1.2577, 1.2556, 1.2534, 1.2511, 1.2486, 1.2461, 1.2437, 1.2409, 1.2381, 1.2353, 1.2325, 1.2295, 1.2265, 1.2233, 1.22, 1.2167, 1.2133, 1.2097, 1.2065, 1.2032, 1.1995, 1.1958, 1.192, 1.1883, 1.1845, 1.1808, 1.177, 1.1732, 1.1697, 1.1662, 1.1627, 1.1593, 1.1559, 1.1526, 1.1495, 1.1462, 1.1428, 1.1402, 1.1376, 1.1349, 1.1321, 1.1294, 1.1268, 1.1243, 1.1218, 1.1193, 1.1168, 1.1145, 1.1122, 1.1099, 1.1076, 1.1054, 1.1033, 1.1012, 1.099, 1.0969, 1.0949, 1.0932, 1.0915, 1.0896, 1.0879, 1.0862, 1.0845, 1.0829, 1.0812, 1.0794, 1.0778, 1.0761, 1.0743, 1.0724, 1.0703, 1.0682, 1.0663, 1.0642, 1.062, 1.0598, 1.0576, 1.0553, 1.0527, 1.0501, 1.0477, 1.0452, 1.0428, 1.0402, 1.0375, 1.0349, 1.0323, 1.0296, 1.0268, 1.0239, 1.021, 1.018, 1.0149, 1.0115, 1.008, 1.0044, 1.0007, 0.99668, 0.99267, 0.98851, 0.98418, 0.97986, 0.97533, 0.97065, 0.96591, 0.96094, 0.95587, 0.95068, 0.94542, 0.94011, 0.93495, 0.92979, 0.92468, 0.9196, 0.91463, 0.90948, 0.90421, 0.89905, 0.89395, 0.88876, 0.88366, 0.8785, 0.87317, 0.868, 0.86262, 0.85711, 0.85145, 0.84552, 0.83945, 0.83333, 0.82685, 0.82031, 0.81367, 0.80692, 0.80001, 0.79304, 0.78612, 0.77926, 0.77236, 0.76569, 0.75893, 0.75205, 0.74535, 0.73865, 0.73201, 0.72522, 0.71816, 0.71115, 0.70404, 0.69672, 0.68943, 0.68198, 0.67426, 0.66651, 0.6586, 0.65068, 0.64265, 0.63422, 0.62552, 0.61621, 0.60615, 0.59529, 0.58335, 0.57022, 0.5557, 0.53974, 0.52272, 0.50473, 0.48596, 0.46676, 0.44701, 0.42686, 0.40655, 0.38621, 0.36602, 0.3462, 0.32681, 0.30814, 0.29025, 0.27329, 0.25745, 0.24274, 0.22924, 0.21683, 0.20541, 0.19498, 0.18536, 0.17649, 0.16833, 0.16078, 0.15377, 0.14737, 0.14151, 0.13615, 0.13126, 0.1268, 0.12288, 0.11936, 0.1162, 0.11336, 0.11072, 0.10826, 0.1059, 0.10365, 0.10158, 0.09975, 0.098071, 0.096551, 0.095124, 0.09383, 0.092658, 0.091508, 0.090441, 0.089371, 0.088308, 0.087227, 0.086141, 0.08513, 0.084207, 0.083374, 0.082547, 0.081669, 0.080746, 0.079921, 0.07921, 0.078529, 0.077808, 0.077082, 0.076389, 0.075724, 0.075076, 0.07441, 0.073836, 0.07328, 0.072737, 0.072228, 0.071714, 0.071303, 0.070962, 0.0707, 0.070281, 0.069747, 0.069241, 0.068802, 0.068392, 0.068013, 0.067623, 0.067183, 0.066836, 0.066504, 0.066179, 0.065856, 0.065524, 0.065205, 0.06483, 0.064429, 0.06407, 0.063873, 0.063759, 0.06365, 0.063575, 0.06358, 0.063699, 0.063766, 0.063911, 0.064018, 0.064135, 0.064259, 0.064404, 0.064587, 0.064774, 0.065019, 0.065381, 0.065653, 0.065877, 0.066142, 0.066431, 0.06669, 0.066875, 0.066953, 0.067121, 0.067382, 0.067697, 0.067932, 0.068153, 0.068421, 0.068749, 0.069077, 0.069414, 0.069745, 0.070113, 0.070571, 0.071044, 0.071538, 0.072243, 0.073201, 0.074588, 0.076477, 0.078833, 0.08172, 0.085173, 0.088973, 0.092954, 0.097058, 0.10134, 0.10569, 0.11011, 0.11466, 0.11934, 0.12418, 0.1292, 0.13416, 0.13901, 0.14371, 0.14816, 0.1522, 0.15577, 0.15889, 0.16188, 0.16476, 0.16761, 0.1703, 0.17301, 0.17568, 0.17829, 0.18085, 0.18323, 0.18535, 0.18733, 0.18922, 0.19084, 0.19217, 0.19328, 0.19417, 0.19489, 0.19522, 0.19517, 0.19474, 0.19406, 0.19309, 0.1918, 0.19023, 0.1883, 0.18618, 0.18396, 0.18156, 0.17893, 0.17617, 0.17335, 0.17047, 0.16755, 0.16461, 0.16175, 0.1591, 0.15664, 0.15438, 0.1523, 0.15044, 0.14891, 0.14772, 0.14682, 0.14615, 0.14576, 0.14564, 0.14574, 0.14598, 0.14638, 0.14701, 0.14786, 0.149, 0.15024, 0.15157, 0.15301, 0.15453, 0.15611, 0.15766, 0.15922, 0.16071, 0.16221, 0.16371, 0.16522, 0.16677, 0.16837, 0.17005, 0.17178, 0.17346, 0.17503, 0.17653, 0.17796, 0.17936, 0.18069, 0.18207, 0.18342, 0.18474, 0.18622, 0.18782, 0.1896, 0.19146, 0.19339, 0.1954, 0.19744, 0.19938, 0.20136, 0.20338, 0.20536, 0.20719, 0.20868, 0.20998, 0.21082, 0.21117, 0.21095, 0.2101, 0.20855, 0.20637, 0.2036, 0.20035, 0.19663, 0.19249, 0.18809, 0.1834, 0.17832, 0.17313, 0.16788, 0.16267, 0.15754, 0.15255, 0.14764, 0.1429, 0.13829, 0.13388, 0.12972, 0.12587, 0.12237, 0.1192, 0.11639, 0.11398, 0.11189, 0.11026, 0.10893, 0.10793, 0.10725, 0.10683, 0.10665, 0.10683, 0.10729, 0.10809, 0.10919, 0.11048, 0.11198, 0.11366, 0.11545, 0.11742, 0.11946, 0.1216, 0.12387, 0.12621, 0.12873, 0.13147, 0.1343, 0.13735, 0.14062, 0.14417, 0.14805, 0.15221, 0.15675, 0.16162, 0.16671, 0.17217, 0.17792, 0.18376, 0.18978, 0.19581, 0.20176, 0.20745, 0.21278, 0.2178, 0.2224, 0.2264, 0.22969, 0.23225, 0.2341, 0.23519, 0.23556, 0.23534, 0.23463, 0.23345, 0.23226, 0.23106, 0.23004, 0.22958, 0.22974, 0.23053, 0.23201, 0.2341, 0.23689, 0.2404, 0.24438, 0.24896, 0.25415, 0.25992, 0.26621, 0.27292, 0.28006, 0.28732, 0.29439, 0.30121, 0.30739, 0.31286, 0.31772, 0.32186, 0.32537, 0.32818, 0.33011, 0.33132, 0.33168, 0.33091, 0.32915, 0.32619, 0.322, 0.31652, 0.30988, 0.30237, 0.29403, 0.28496, 0.27541, 0.26542, 0.25509, 0.24443, 0.23358, 0.22278, 0.2121, 0.20163, 0.19156, 0.18185, 0.17266, 0.16403, 0.15602, 0.14855, 0.14158, 0.13512, 0.12921, 0.12378, 0.11876, 0.11431, 0.11032, 0.10673, 0.10355, 0.10068, 0.098107, 0.095793, 0.093714, 0.091899, 0.090308, 0.088897, 0.087699, 0.086717, 0.0859, 0.085208, 0.084665, 0.084361, 0.084127, 0.084011, 0.084068, 0.084231, 0.084504, 0.084886, 0.085337, 0.085942, 0.086653, 0.087479, 0.088432, 0.089569, 0.090918, 0.092519, 0.094348, 0.096477, 0.09883, 0.10151, 0.1046, 0.10807, 0.11207, 0.1168, 0.12241, 0.1292, 0.13748, 0.14762, 0.16002, 0.17484, 0.19219, 0.21225, 0.23515, 0.26077, 0.28876, 0.31887, 0.35073, 0.38431, 0.41955, 0.45613, 0.49364, 0.53162, 0.56956, 0.6067, 0.64276, 0.67738, 0.71008, 0.74027, 0.76711, 0.78991, 0.80862, 0.82368, 0.83581, 0.84596, 0.85464, 0.86259, 0.86955, 0.8753, 0.87994, 0.8837, 0.88722, 0.89084, 0.89467, 0.89855, 0.9022, 0.90568, 0.90936, 0.91363, 0.91839, 0.92304, 0.92691, 0.9295, 0.93027, 0.9296, 0.92806, 0.92588, 0.92312, 0.91981, 0.91574, 0.9107, 0.90466, 0.89764, 0.88968, 0.88063, 0.87017, 0.85818, 0.84491, 0.83039, 0.81484, 0.79829, 0.78088, 0.76265, 0.74367, 0.72425, 0.70416, 0.68348, 0.66224, 0.6406, 0.61908, 0.59789, 0.57704, 0.55651, 0.53649, 0.51705, 0.49831, 0.48007, 0.46228, 0.44476, 0.42759, 0.41063, 0.39388, 0.37757, 0.36187, 0.34702, 0.33317, 0.32036, 0.30855, 0.29764, 0.28755, 0.27804, 0.26902, 0.26038, 0.25206, 0.2439, 0.23588, 0.22776, 0.21962, 0.21136, 0.20302, 0.19474, 0.18658, 0.17855, 0.17069, 0.16298, 0.15553, 0.14831, 0.14134, 0.13464, 0.12819, 0.12206, 0.11632, 0.11088, 0.10583, 0.10112, 0.096815, 0.092985, 0.089532, 0.086503, 0.083934, 0.081764, 0.07997, 0.0785, 0.077256, 0.076246, 0.075463, 0.074837, 0.074341, 0.073944, 0.073642, 0.073409, 0.073213, 0.073062, 0.072916, 0.072777, 0.07264, 0.072418, 0.072124, 0.071811, 0.071427, 0.071068, 0.070673, 0.070224, 0.069757, 0.069277, 0.068709, 0.068077, 0.067409, 0.066692, 0.065919, 0.065106, 0.064286, 0.063463, 0.062698, 0.06194, 0.061206, 0.060512, 0.059825, 0.059157, 0.058514, 0.057859, 0.057225, 0.056696, 0.056222, 0.055714, 0.055256, 0.054809, 0.054403, 0.054071, 0.053744, 0.053387, 0.053081, 0.052799, 0.052549, 0.052312, 0.052114, 0.051962, 0.05188, 0.051776, 0.051695, 0.051623, 0.051651, 0.05166, 0.051697, 0.051705, 0.05167, 0.051571, 0.051319, 0.050857, 0.05011, 0.049, 0.048319, 0.04913, 0.050273, 0.051306, 0.052187, 0.052889, 0.053388, 0.053721, 0.053977, 0.054164, 0.054321, 0.054465, 0.054634, 0.05492, 0.055367, 0.056102, 0.057219, 0.05812, 0.057739, 0.05692, 0.0561, 0.055408, 0.054868, 0.054542, 0.054395, 0.054394, 0.054507, 0.054718, 0.055031, 0.055478, 0.056047, 0.05673, 0.057451, 0.058271, 0.059148, 0.060032, 0.061018, 0.062004, 0.06296, 0.063948, 0.064932, 0.065887, 0.066866, 0.067845, 0.068803, 0.069787, 0.070736, 0.071714, 0.072716, 0.073753, 0.074802, 0.075859, 0.077006, 0.078196, 0.079506, 0.080924, 0.082364, 0.083893, 0.08558, 0.087306, 0.089114, 0.091079, 0.093123, 0.095264, 0.09749, 0.099758, 0.10203, 0.10427, 0.10641, 0.10842, 0.11022, 0.11183, 0.11321, 0.11436, 0.11524, 0.11577, 0.11599, 0.11592, 0.11547, 0.11468, 0.11356, 0.1121, 0.11039, 0.10843, 0.10628, 0.10404, 0.10171, 0.099336, 0.096882, 0.094376, 0.091813, 0.089276, 0.086788, 0.084352, 0.081971, 0.07967, 0.077477, 0.075362, 0.07337, 0.071455, 0.069673, 0.067982, 0.066331, 0.06477, 0.063353, 0.062042, 0.060841, 0.059752, 0.058724, 0.057751, 0.056843, 0.056024, 0.055319, 0.054666, 0.054101, 0.053611, 0.053205, 0.052822, 0.052472, 0.05219, 0.051926, 0.051656, 0.051374, 0.051109, 0.050879, 0.050692, 0.050566, 0.050493, 0.050444, 0.050404, 0.05038, 0.050333, 0.050247, 0.050176, 0.050152, 0.050146, 0.05014, 0.050207, 0.050272, 0.05042, 0.050617, 0.050852, 0.051143, 0.051433, 0.051726, 0.052034, 0.052364, 0.052747, 0.053196, 0.053707, 0.054261, 0.054861, 0.055571, 0.056376, 0.057251, 0.058234, 0.059304, 0.06044, 0.061691, 0.062985, 0.064441, 0.066075, 0.067849, 0.069738, 0.071813, 0.074078, 0.076599, 0.079332, 0.082348, 0.085704, 0.089465, 0.093726, 0.09851, 0.10392, 0.10999, 0.11676, 0.12432, 0.13275, 0.14212, 0.15256, 0.16421, 0.1771, 0.19128, 0.20681, 0.22373, 0.24203, 0.26167, 0.28264, 0.30487, 0.32838, 0.35312, 0.37895, 0.40562, 0.43293, 0.46043, 0.48791, 0.51501, 0.54133, 0.56659, 0.59041, 0.61242, 0.6323, 0.64979, 0.66476, 0.67722, 0.68724, 0.69491, 0.70041, 0.70413, 0.70648, 0.70779, 0.70825, 0.70817, 0.7076, 0.70671, 0.70556, 0.70415, 0.70242, 0.70036, 0.6979, 0.69516, 0.69187, 0.6881, 0.68365, 0.67834, 0.67204, 0.66477, 0.65633, 0.64681, 0.63605, 0.62401, 0.61083, 0.59653, 0.58138, 0.56551, 0.5492, 0.53278, 0.5162, 0.49969, 0.48326, 0.46699, 0.45093, 0.43524, 0.41986, 0.40495, 0.39057, 0.37677, 0.3636, 0.35097, 0.33873, 0.32674, 0.31504, 0.3037, 0.29276, 0.28237, 0.27256, 0.26326, 0.25443, 0.246, 0.23792, 0.23014, 0.22268, 0.21557, 0.20877, 0.20224, 0.19597, 0.19002, 0.18431, 0.17887, 0.17365, 0.16867, 0.16398, 0.15958, 0.15545, 0.15162, 0.14806, 0.14473, 0.14165, 0.13885, 0.13627, 0.13394, 0.13187, 0.1301, 0.12859, 0.12739, 0.12649, 0.12587, 0.12558, 0.12559, 0.12598, 0.12678, 0.12795, 0.12949, 0.13138, 0.13366, 0.13624, 0.13914, 0.14238, 0.14601, 0.15, 0.15439, 0.15923, 0.16449, 0.17018, 0.17621, 0.18255, 0.18926, 0.19639, 0.20395, 0.21203, 0.22057, 0.22951, 0.2388, 0.24852, 0.2587, 0.2693, 0.2803, 0.29171, 0.30348, 0.31568, 0.32842, 0.34169, 0.35553, 0.36977, 0.38442, 0.39925, 0.41444, 0.42915, 0.44359, 0.45805, 0.47248, 0.48682, 0.50098, 0.51495, 0.52864, 0.54196, 0.55494, 0.56748, 0.57956, 0.59117, 0.60234, 0.61297, 0.62317, 0.63265, 0.64233, 0.652, 0.66141, 0.67074, 0.68004, 0.68959, 0.69946, 0.70976, 0.72052, 0.73163, 0.74297, 0.75444, 0.76589, 0.77724, 0.7883, 0.79889, 0.80893, 0.81805, 0.826, 0.83255, 0.83723, 0.8397, 0.83956, 0.83654, 0.83059, 0.8217, 0.80995, 0.79563, 0.77916, 0.7609, 0.74103, 0.71991, 0.69794, 0.67531, 0.65234, 0.62941, 0.60666, 0.58431, 0.56251, 0.54147, 0.52125, 0.50169, 0.48281, 0.46475, 0.44751, 0.43113, 0.41563, 0.40102, 0.38722, 0.37407, 0.36149, 0.3495, 0.33799, 0.32696, 0.31634, 0.30614, 0.29627, 0.28669, 0.27738, 0.26828, 0.25938, 0.25078, 0.24251, 0.23458, 0.22695, 0.21961, 0.21258, 0.20589, 0.19945, 0.19323, 0.18724, 0.18149, 0.17595, 0.17058, 0.16534, 0.16024, 0.15527, 0.1504, 0.14562, 0.14097, 0.13645, 0.13201, 0.1277, 0.12354, 0.11951, 0.11561, 0.11188, 0.1083, 0.10487, 0.10159, 0.098413, 0.095345, 0.092405, 0.089586, 0.086899, 0.084349, 0.081944, 0.079705, 0.077624, 0.075739, 0.07397, 0.0723, 0.070792, 0.069374, 0.068072, 0.066835, 0.065659, 0.064593, 0.063643, 0.062777, 0.062018, 0.061348, 0.060753, 0.060241, 0.059773, 0.059371, 0.058966, 0.058614, 0.058348, 0.058101, 0.057908, 0.057827, 0.057813, 0.057925, 0.05813, 0.058372, 0.058732, 0.059207, 0.059786, 0.060469, 0.061219, 0.062095, 0.063084, 0.064202, 0.065455, 0.066825, 0.06838, 0.070091, 0.071959, 0.074038, 0.076255, 0.078627, 0.08124, 0.084049, 0.087027, 0.090194, 0.093569, 0.097218, 0.10114, 0.10531, 0.10972, 0.11435, 0.11919, 0.12421, 0.12942, 0.13474, 0.14015, 0.14569, 0.15134, 0.15707, 0.1628, 0.16853, 0.17423, 0.17987, 0.18541, 0.19079, 0.19604, 0.20112, 0.20601, 0.21066, 0.21507, 0.21923, 0.22315, 0.22681, 0.2303, 0.23362, 0.23678, 0.23994, 0.24309, 0.24633, 0.24971, 0.25327, 0.25704, 0.26104, 0.26541, 0.27016, 0.27531, 0.28082, 0.28669, 0.29285, 0.29926, 0.30577, 0.31235, 0.31891, 0.32527, 0.33133, 0.33696, 0.34196, 0.34618, 0.34961, 0.35218, 0.35378, 0.3543, 0.35377, 0.35219, 0.34956, 0.34596, 0.34153, 0.33635, 0.33055, 0.3242, 0.31732, 0.31007, 0.30253, 0.29484, 0.28713, 0.2794, 0.27168, 0.26403, 0.25651, 0.24917, 0.24206, 0.23521, 0.2286, 0.22222, 0.21605, 0.21012, 0.20442, 0.19897, 0.19369, 0.1886, 0.18368, 0.17887, 0.17425, 0.16979, 0.16545, 0.16126, 0.15724, 0.15335, 0.14959, 0.14601, 0.14254, 0.13919, 0.13589, 0.13267, 0.1296, 0.12666, 0.12383, 0.1211, 0.11845, 0.11592, 0.11345, 0.11108, 0.1088, 0.10656, 0.10438, 0.10222, 0.10011, 0.098075, 0.096096, 0.094203, 0.092395, 0.090609, 0.088886, 0.087212, 0.085568, 0.08398, 0.082393, 0.080888, 0.079431, 0.078012, 0.076655, 0.075288, 0.073939, 0.072627, 0.071368, 0.070196, 0.069102, 0.067999, 0.066924, 0.065841, 0.064786, 0.063809, 0.062945, 0.062128, 0.061319, 0.060513, 0.059764, 0.059044, 0.05836, 0.057764, 0.057182, 0.056608, 0.056001, 0.055367, 0.054805, 0.054311, 0.053835, 0.053418, 0.053002, 0.052528, 0.052041, 0.051547, 0.051076, 0.050611, 0.050104, 0.049621, 0.049097, 0.04858, 0.048086, 0.047605, 0.047107, 0.046589, 0.046031, 0.045517, 0.045023, 0.044539, 0.044124, 0.043758, 0.043406, 0.043084, 0.042734, 0.042371, 0.041984, 0.041571, 0.041177, 0.040779, 0.040385, 0.040042, 0.039721, 0.039418, 0.039158, 0.03886, 0.038567, 0.038203, 0.03782, 0.03746, 0.03711, 0.036806, 0.036596, 0.036439, 0.036328, 0.036184, 0.036007, 0.035891, 0.03575, 0.035612, 0.035438, 0.035212, 0.034944, 0.034686, 0.034455, 0.034245, 0.034031, 0.033747, 0.033404, 0.032986, 0.032579, 0.032235, 0.031864, 0.031488, 0.031066, 0.030654, 0.030346, 0.030083, 0.029851, 0.029694, 0.029529, 0.029399, 0.029297, 0.029236, 0.029215, 0.029217, 0.02923, 0.029239, 0.029235, 0.029309, 0.029495, 0.029772, 0.030076, 0.030356, 0.030685, 0.031051, 0.031376, 0.03168, 0.032029, 0.032395, 0.03267, 0.032914, 0.033182, 0.033475, 0.03376, 0.03393, 0.03406, 0.034104, 0.034152, 0.034144, 0.03416, 0.034148, 0.034108, 0.034114, 0.034165, 0.03419, 0.034219, 0.034303, 0.034362, 0.034438, 0.034567, 0.034668, 0.034782, 0.03491, 0.035029, 0.035089, 0.035161, 0.03523, 0.035277, 0.035268, 0.035287, 0.035286, 0.035283, 0.035299, 0.035265, 0.035302, 0.03531, 0.035282, 0.035301, 0.035388, 0.035503, 0.03563, 0.03574, 0.035847, 0.035879, 0.035887, 0.035971, 0.035984, 0.035986, 0.03598, 0.035964, 0.035946, 0.035947, 0.035916, 0.035881, 0.035845, 0.035748, 0.035563, 0.035375, 0.035249, 0.03514, 0.03504, 0.034985, 0.034883, 0.03478, 0.034761, 0.034775, 0.034762, 0.034808, 0.034824, 0.03486, 0.034907, 0.034916, 0.034967, 0.035088, 0.035236, 0.035383, 0.035592, 0.03576, 0.035927, 0.036111, 0.036336, 0.036435, 0.036434, 0.036427, 0.036427, 0.03642, 0.036447, 0.036456, 0.036477, 0.036487, 0.036476, 0.036468, 0.036454, 0.036386, 0.036383, 0.036428, 0.036507, 0.03658, 0.036659, 0.036773, 0.036875, 0.036943, 0.037002, 0.037011, 0.037024, 0.037074, 0.037097, 0.037126, 0.037163, 0.037153, 0.037128, 0.037138, 0.03709, 0.037029, 0.036982, 0.03695, 0.036953, 0.036951, 0.036971, 0.037022, 0.037063, 0.037086, 0.037059, 0.037009, 0.036954, 0.036855, 0.03684, 0.036832, 0.036732, 0.036636, 0.036539, 0.03643, 0.036371, 0.036297, 0.036244, 0.036206, 0.036076, 0.03603, 0.035964, 0.035956, 0.035966, 0.036021, 0.036137, 0.036194, 0.036213, 0.036248, 0.036227, 0.036132, 0.035969, 0.035745, 0.035577, 0.035318, 0.034996, 0.034801, 0.03465, 0.03445, 0.034232, 0.034026, 0.03384, 0.033616, 0.033339, 0.033101, 0.032874, 0.032747, 0.032714, 0.032737, 0.032713, 0.032572, 0.032456, 0.032445, 0.032336, 0.032157, 0.032073, 0.031939, 0.03182, 0.031704, 0.031553, 0.031511, 0.031425, 0.031355, 0.031207, 0.031001, 0.030868, 0.0308, 0.03081, 0.030893, 0.030894, 0.0309, 0.030883, 0.030874, 0.030863, 0.03089, 0.030849, 0.030836, 0.030744, 0.03061, 0.030399, 0.030209, 0.029989, 0.029657, 0.029256, 0.028798, 0.028395, 0.028033, 0.027711, 0.027377, 0.026959, 0.026619, 0.026238, 0.025825, 0.025542, 0.025252, 0.025044, 0.024913, 0.024764, 0.024616, 0.024541, 0.024489, 0.024541, 0.024528, 0.024455, 0.02433, 0.024257, 0.024234, 0.024233, 0.024134, 0.024033, 0.023839, 0.023674, 0.023582, 0.023432, 0.023332, 0.023314, 0.023244, 0.023323, 0.02331, 0.023193, 0.023089, 0.023019, 0.022954, 0.022892, 0.022789, 0.022781, 0.022837, 0.022801, 0.02276, 0.022603, 0.022369, 0.022223, 0.021999, 0.021819, 0.021598, 0.02134, 0.021178, 0.0211, 0.021049, 0.020969, 0.020972, 0.020961, 0.021001, 0.020975, 0.021005, 0.020999, 0.020911, 0.020922, 0.020837, 0.020819, 0.020846, 0.020813, 0.020873, 0.020943, 0.02088, 0.020782, 0.020696, 0.020481, 0.020329, 0.020092, 0.019923, 0.019797, 0.019623, 0.019551, 0.019521, 0.019589, 0.019653, 0.019551, 0.01956, 0.019578, 0.01952, 0.01948, 0.019374, 0.019275, 0.019238, 0.019099, 0.01908, 0.019013, 0.018892, 0.018852, 0.018932, 0.018897, 0.01888, 0.01881, 0.018867, 0.018763, 0.018638, 0.018559, 0.01851, 0.018603, 0.018666, 0.018683, 0.018738, 0.018716, 0.018729, 0.018799, 0.018788, 0.018659, 0.018614, 0.018429, 0.018218, 0.017883, 0.0176, 0.017453, 0.017278, 0.017115, 0.016895, 0.016524, 0.016163, 0.015833, 0.015542, 0.015273, 0.0149, 0.014542, 0.014305, 0.014103, 0.013926, 0.013873, 0.013927, 0.014053, 0.014103, 0.014137, 0.014207, 0.014352, 0.014518, 0.014769, 0.014957, 0.015126, 0.015187, 0.015223, 0.015312, 0.015316, 0.015326, 0.015369, 0.015378, 0.015341, 0.015238, 0.014992, 0.014956, 0.014815, 0.014587, 0.014404, 0.014238, 0.014013, 0.013795, 0.013631, 0.013705, 0.013708, 0.013517, 0.012356, 0.013908, 0.01269, 0.013004, 0.012484, 0.014984, 0.0, 0.0, 0.0, 0.0]
Input Absorbance: [185.49, 186.03, 186.57, 187.12, 187.66, 188.2, 188.74, 189.28, 189.82, 190.36, 190.91, 191.45, 191.99, 192.53, 193.07, 193.61, 194.15, 194.69, 195.23, 195.77, 196.31, 196.85, 197.39, 197.93, 198.47, 199.01, 199.55, 200.09, 200.63, 201.17, 201.71, 202.24, 202.78, 203.32, 203.86, 204.4, 204.94, 205.48, 206.01, 206.55, 207.09, 207.63, 208.17, 208.7, 209.24, 209.78, 210.32, 210.85, 211.39, 211.93, 212.47, 213.0, 213.54, 214.08, 214.61, 215.15, 215.69, 216.22, 216.76, 217.29, 217.83, 218.37, 218.9, 219.44, 219.97, 220.51, 221.04, 221.58, 222.11, 222.65, 223.18, 223.72, 224.25, 224.79, 225.32, 225.86, 226.39, 226.93, 227.46, 228.0, 228.53, 229.06, 229.6, 230.13, 230.66, 231.2, 231.73, 232.26, 232.8, 233.33, 233.86, 234.4, 234.93, 235.46, 235.99, 236.53, 237.06, 237.59, 238.12, 238.66, 239.19, 239.72, 240.25, 240.78, 241.31, 241.85, 242.38, 242.91, 243.44, 243.97, 244.5, 245.03, 245.56, 246.09, 246.62, 247.15, 247.69, 248.22, 248.75, 249.28, 249.81, 250.34, 250.87, 251.39, 251.92, 252.45, 252.98, 253.51, 254.04, 254.57, 255.1, 255.63, 256.16, 256.69, 257.21, 257.74, 258.27, 258.8, 259.33, 259.86, 260.38, 260.91, 261.44, 261.97, 262.49, 263.02, 263.55, 264.08, 264.6, 265.13, 265.66, 266.18, 266.71, 267.24, 267.76, 268.29, 268.82, 269.34, 269.87, 270.39, 270.92, 271.45, 271.97, 272.5, 273.02, 273.55, 274.07, 274.6, 275.12, 275.65, 276.17, 276.7, 277.22, 277.75, 278.27, 278.8, 279.32, 279.84, 280.37, 280.89, 281.42, 281.94, 282.46, 282.99, 283.51, 284.03, 284.56, 285.08, 285.6, 286.13, 286.65, 287.17, 287.7, 288.22, 288.74, 289.26, 289.78, 290.31, 290.83, 291.35, 291.87, 292.39, 292.92, 293.44, 293.96, 294.48, 295.0, 295.52, 296.04, 296.56, 297.09, 297.61, 298.13, 298.65, 299.17, 299.69, 300.21, 300.73, 301.25, 301.77, 302.29, 302.81, 303.33, 303.85, 304.37, 304.89, 305.41, 305.92, 306.44, 306.96, 307.48, 308.0, 308.52, 309.04, 309.56, 310.07, 310.59, 311.11, 311.63, 312.15, 312.66, 313.18, 313.7, 314.22, 314.73, 315.25, 315.77, 316.29, 316.8, 317.32, 317.84, 318.35, 318.87, 319.39, 319.9, 320.42, 320.93, 321.45, 321.97, 322.48, 323.0, 323.51, 324.03, 324.54, 325.06, 325.58, 326.09, 326.61, 327.12, 327.64, 328.15, 328.66, 329.18, 329.69, 330.21, 330.72, 331.24, 331.75, 332.26, 332.78, 333.29, 333.81, 334.32, 334.83, 335.35, 335.86, 336.37, 336.89, 337.4, 337.91, 338.42, 338.94, 339.45, 339.96, 340.47, 340.99, 341.5, 342.01, 342.52, 343.03, 343.55, 344.06, 344.57, 345.08, 345.59, 346.1, 346.61, 347.12, 347.64, 348.15, 348.66, 349.17, 349.68, 350.19, 350.7, 351.21, 351.72, 352.23, 352.74, 353.25, 353.76, 354.27, 354.78, 355.29, 355.8, 356.31, 356.81, 357.32, 357.83, 358.34, 358.85, 359.36, 359.87, 360.38, 360.88, 361.39, 361.9, 362.41, 362.92, 363.42, 363.93, 364.44, 364.95, 365.45, 365.96, 366.47, 366.98, 367.48, 367.99, 368.5, 369.0, 369.51, 370.02, 370.52, 371.03, 371.53, 372.04, 372.55, 373.05, 373.56, 374.06, 374.57, 375.07, 375.58, 376.08, 376.59, 377.09, 377.6, 378.1, 378.61, 379.11, 379.62, 380.12, 380.63, 381.13, 381.64, 382.14, 382.64, 383.15, 383.65, 384.15, 384.66, 385.16, 385.67, 386.17, 386.67, 387.17, 387.68, 388.18, 388.68, 389.19, 389.69, 390.19, 390.69, 391.19, 391.7, 392.2, 392.7, 393.2, 393.7, 394.21, 394.71, 395.21, 395.71, 396.21, 396.71, 397.21, 397.71, 398.21, 398.72, 399.22, 399.72, 400.22, 400.72, 401.22, 401.72, 402.22, 402.72, 403.22, 403.72, 404.22, 404.72, 405.22, 405.71, 406.21, 406.71, 407.21, 407.71, 408.21, 408.71, 409.21, 409.7, 410.2, 410.7, 411.2, 411.7, 412.2, 412.69, 413.19, 413.69, 414.19, 414.68, 415.18, 415.68, 416.18, 416.67, 417.17, 417.67, 418.16, 418.66, 419.16, 419.65, 420.15, 420.65, 421.14, 421.64, 422.13, 422.63, 423.12, 423.62, 424.12, 424.61, 425.11, 425.6, 426.1, 426.59, 427.09, 427.58, 428.08, 428.57, 429.07, 429.56, 430.05, 430.55, 431.04, 431.54, 432.03, 432.52, 433.02, 433.51, 434.01, 434.5, 434.99, 435.48, 435.98, 436.47, 436.96, 437.46, 437.95, 438.44, 438.93, 439.43, 439.92, 440.41, 440.9, 441.4, 441.89, 442.38, 442.87, 443.36, 443.85, 444.35, 444.84, 445.33, 445.82, 446.31, 446.8, 447.29, 447.78, 448.27, 448.76, 449.25, 449.74, 450.23, 450.72, 451.21, 451.7, 452.19, 452.68, 453.17, 453.66, 454.15, 454.64, 455.13, 455.62, 456.11, 456.6, 457.09, 457.57, 458.06, 458.55, 459.04, 459.53, 460.02, 460.5, 460.99, 461.48, 461.97, 462.45, 462.94, 463.43, 463.92, 464.4, 464.89, 465.38, 465.86, 466.35, 466.84, 467.33, 467.81, 468.3, 468.78, 469.27, 469.76, 470.24, 470.73, 471.21, 471.7, 472.19, 472.67, 473.16, 473.64, 474.13, 474.61, 475.1, 475.58, 476.07, 476.55, 477.04, 477.52, 478.0, 478.49, 478.97, 479.46, 479.94, 480.43, 480.91, 481.39, 481.88, 482.36, 482.84, 483.33, 483.81, 484.29, 484.78, 485.26, 485.74, 486.22, 486.71, 487.19, 487.67, 488.15, 488.64, 489.12, 489.6, 490.08, 490.56, 491.04, 491.53, 492.01, 492.49, 492.97, 493.45, 493.93, 494.41, 494.89, 495.37, 495.86, 496.34, 496.82, 497.3, 497.78, 498.26, 498.74, 499.22, 499.7, 500.18, 500.66, 501.14, 501.62, 502.09, 502.57, 503.05, 503.53, 504.01, 504.49, 504.97, 505.45, 505.93, 506.4, 506.88, 507.36, 507.84, 508.32, 508.79, 509.27, 509.75, 510.23, 510.71, 511.18, 511.66, 512.14, 512.61, 513.09, 513.57, 514.04, 514.52, 515.0, 515.47, 515.95, 516.43, 516.9, 517.38, 517.86, 518.33, 518.81, 519.28, 519.76, 520.23, 520.71, 521.18, 521.66, 522.13, 522.61, 523.08, 523.56, 524.03, 524.51, 524.98, 525.46, 525.93, 526.41, 526.88, 527.35, 527.83, 528.3, 528.77, 529.25, 529.72, 530.2, 530.67, 531.14, 531.61, 532.09, 532.56, 533.03, 533.51, 533.98, 534.45, 534.92, 535.4, 535.87, 536.34, 536.81, 537.28, 537.75, 538.23, 538.7, 539.17, 539.64, 540.11, 540.58, 541.05, 541.53, 542.0, 542.47, 542.94, 543.41, 543.88, 544.35, 544.82, 545.29, 545.76, 546.23, 546.7, 547.17, 547.64, 548.11, 548.58, 549.05, 549.52, 549.98, 550.45, 550.92, 551.39, 551.86, 552.33, 552.8, 553.26, 553.73, 554.2, 554.67, 555.14, 555.61, 556.07, 556.54, 557.01, 557.48, 557.94, 558.41, 558.88, 559.34, 559.81, 560.28, 560.75, 561.21, 561.68, 562.15, 562.61, 563.08, 563.54, 564.01, 564.48, 564.94, 565.41, 565.87, 566.34, 566.8, 567.27, 567.73, 568.2, 568.66, 569.13, 569.59, 570.06, 570.52, 570.99, 571.45, 571.92, 572.38, 572.85, 573.31, 573.77, 574.24, 574.7, 575.16, 575.63, 576.09, 576.56, 577.02, 577.48, 577.94, 578.41, 578.87, 579.33, 579.8, 580.26, 580.72, 581.18, 581.64, 582.11, 582.57, 583.03, 583.49, 583.95, 584.42, 584.88, 585.34, 585.8, 586.26, 586.72, 587.18, 587.64, 588.11, 588.57, 589.03, 589.49, 589.95, 590.41, 590.87, 591.33, 591.79, 592.25, 592.71, 593.17, 593.63, 594.09, 594.55, 595.0, 595.46, 595.92, 596.38, 596.84, 597.3, 597.76, 598.22, 598.68, 599.13, 599.59, 600.05, 600.51, 600.97, 601.42, 601.88, 602.34, 602.8, 603.25, 603.71, 604.17, 604.63, 605.08, 605.54, 606.0, 606.45, 606.91, 607.37, 607.82, 608.28, 608.74, 609.19, 609.65, 610.1, 610.56, 611.02, 611.47, 611.93, 612.38, 612.84, 613.29, 613.75, 614.2, 614.66, 615.11, 615.57, 616.02, 616.48, 616.93, 617.39, 617.84, 618.29, 618.75, 619.2, 619.66, 620.11, 620.56, 621.02, 621.47, 621.92, 622.38, 622.83, 623.28, 623.73, 624.19, 624.64, 625.09, 625.55, 626.0, 626.45, 626.9, 627.35, 627.81, 628.26, 628.71, 629.16, 629.61, 630.06, 630.52, 630.97, 631.42, 631.87, 632.32, 632.77, 633.22, 633.67, 634.12, 634.57, 635.02, 635.47, 635.92, 636.37, 636.82, 637.27, 637.72, 638.17, 638.62, 639.07, 639.52, 639.97, 640.42, 640.87, 641.32, 641.77, 642.22, 642.66, 643.11, 643.56, 644.01, 644.46, 644.91, 645.35, 645.8, 646.25, 646.7, 647.15, 647.59, 648.04, 648.49, 648.94, 649.38, 649.83, 650.28, 650.72, 651.17, 651.62, 652.06, 652.51, 652.96, 653.4, 653.85, 654.29, 654.74, 655.19, 655.63, 656.08, 656.52, 656.97, 657.41, 657.86, 658.3, 658.75, 659.19, 659.64, 660.08, 660.53, 660.97, 661.42, 661.86, 662.3, 662.75, 663.19, 663.64, 664.08, 664.52, 664.97, 665.41, 665.85, 666.3, 666.74, 667.18, 667.63, 668.07, 668.51, 668.96, 669.4, 669.84, 670.28, 670.73, 671.17, 671.61, 672.05, 672.49, 672.93, 673.38, 673.82, 674.26, 674.7, 675.14, 675.58, 676.02, 676.47, 676.91, 677.35, 677.79, 678.23, 678.67, 679.11, 679.55, 679.99, 680.43, 680.87, 681.31, 681.75, 682.19, 682.63, 683.07, 683.51, 683.95, 684.38, 684.82, 685.26, 685.7, 686.14, 686.58, 687.02, 687.46, 687.89, 688.33, 688.77, 689.21, 689.65, 690.08, 690.52, 690.96, 691.4, 691.83, 692.27, 692.71, 693.15, 693.58, 694.02, 694.46, 694.89, 695.33, 695.77, 696.2, 696.64, 697.08, 697.51, 697.95, 698.38, 698.82, 699.25, 699.69, 700.13, 700.56, 701.0, 701.43, 701.87, 702.3, 702.74, 703.17, 703.61, 704.04, 704.48, 704.91, 705.34, 705.78, 706.21, 706.65, 707.08, 707.51, 707.95, 708.38, 708.81, 709.25, 709.68, 710.11, 710.55, 710.98, 711.41, 711.85, 712.28, 712.71, 713.14, 713.58, 714.01, 714.44, 714.87, 715.3, 715.74, 716.17, 716.6, 717.03, 717.46, 717.89, 718.32, 718.76, 719.19, 719.62, 720.05, 720.48, 720.91, 721.34, 721.77, 722.2, 722.63, 723.06, 723.49, 723.92, 724.35, 724.78, 725.21, 725.64, 726.07, 726.5, 726.93, 727.36, 727.79, 728.21, 728.64, 729.07, 729.5, 729.93, 730.36, 730.79, 731.21, 731.64, 732.07, 732.5, 732.93, 733.35, 733.78, 734.21, 734.64, 735.06, 735.49, 735.92, 736.34, 736.77, 737.2, 737.63, 738.05, 738.48, 738.9, 739.33, 739.76, 740.18, 740.61, 741.03, 741.46, 741.89, 742.31, 742.74, 743.16, 743.59, 744.01, 744.44, 744.86, 745.29, 745.71, 746.14, 746.56, 746.99, 747.41, 747.83, 748.26, 748.68, 749.11, 749.53, 749.95, 750.38, 750.8, 751.22, 751.65, 752.07, 752.49, 752.92, 753.34, 753.76, 754.19, 754.61, 755.03, 755.45, 755.88, 756.3, 756.72, 757.14, 757.56, 757.99, 758.41, 758.83, 759.25, 759.67, 760.09, 760.51, 760.94, 761.36, 761.78, 762.2, 762.62, 763.04, 763.46, 763.88, 764.3, 764.72, 765.14, 765.56, 765.98, 766.4, 766.82, 767.24, 767.66, 768.08, 768.5, 768.92, 769.34, 769.76, 770.17, 770.59, 771.01, 771.43, 771.85, 772.27, 772.69, 773.1, 773.52, 773.94, 774.36, 774.78, 775.19, 775.61, 776.03, 776.45, 776.86, 777.28, 777.7, 778.11, 778.53, 778.95, 779.36, 779.78, 780.2, 780.61, 781.03, 781.45, 781.86, 782.28, 782.69, 783.11, 783.53, 783.94, 784.36, 784.77, 785.19, 785.6, 786.02, 786.43, 786.85, 787.26, 787.68, 788.09, 788.5, 788.92, 789.33, 789.75, 790.16, 790.58, 790.99, 791.4, 791.82, 792.23, 792.64, 793.06, 793.47, 793.88, 794.3, 794.71, 795.12, 795.53, 795.95, 796.36, 796.77, 797.18, 797.6, 798.01, 798.42, 798.83, 799.24, 799.66, 800.07, 800.48, 800.89, 801.3, 801.71, 802.12, 802.53, 802.95, 803.36, 803.77, 804.18, 804.59, 805.0, 805.41, 805.82, 806.23, 806.64, 807.05, 807.46, 807.87, 808.28, 808.69, 809.1, 809.51, 809.92, 810.32, 810.73, 811.14, 811.55, 811.96, 812.37, 812.78, 813.18, 813.59, 814.0, 814.41, 814.82, 815.22, 815.63, 816.04, 816.45, 816.86, 817.26, 817.67, 818.08, 818.48, 818.89, 819.3, 819.7, 820.11, 820.52, 820.92, 821.33, 821.74, 822.14, 822.55, 822.95, 823.36, 823.77, 824.17, 824.58, 824.98, 825.39, 825.79, 826.2, 826.6, 827.01, 827.41, 827.82, 828.22, 828.63, 829.03, 829.44, 829.84, 830.24, 830.65, 831.05, 831.46, 831.86, 832.26, 832.67, 833.07, 833.47, 833.88, 834.28, 834.68, 835.08, 835.49, 835.89, 836.29, 836.7, 837.1, 837.5, 837.9, 838.3, 838.71, 839.11, 839.51, 839.91, 840.31, 840.71, 841.12, 841.52, 841.92, 842.32, 842.72, 843.12, 843.52, 843.92, 844.32, 844.72, 845.12, 845.52, 845.92, 846.32, 846.72, 847.12, 847.52, 847.92, 848.32, 848.72, 849.12, 849.52, 849.92, 850.32, 850.72, 851.12, 851.52, 851.91, 852.31, 852.71, 853.11, 853.51, 853.91, 854.3, 854.7, 855.1, 855.5, 855.9, 856.29, 856.69, 857.09, 857.48, 857.88, 858.28, 858.68, 859.07, 859.47, 859.87, 860.26, 860.66, 861.05, 861.45, 861.85, 862.24, 862.64, 863.03, 863.43, 863.83, 864.22, 864.62, 865.01, 865.41, 865.8, 866.2, 866.59, 866.99, 867.38, 867.78, 868.17, 868.57, 868.96, 869.35, 869.75, 870.14, 870.54, 870.93, 871.32, 871.72, 872.11, 872.5, 872.9, 873.29, 873.68, 874.08, 874.47, 874.86, 875.25, 875.65, 876.04, 876.43, 876.82, 877.22, 877.61, 878.0, 878.39, 878.78, 879.17, 879.57, 879.96, 880.35, 880.74, 881.13, 881.52, 881.91, 882.3, 882.7, 883.09, 883.48, 883.87, 884.26, 884.65, 885.04, 885.43, 885.82, 886.21, 886.6, 886.99, 887.38, 887.77, 888.15, 888.54, 888.93, 889.32, 889.71, 890.1, 890.49, 890.88, 891.27, 891.65, 892.04, 892.43, 892.82, 893.21, 893.59, 893.98, 894.37, 894.76, 895.14, 895.53, 895.92, 896.31, 896.69, 897.08, 897.47, 897.85, 898.24, 898.63, 899.01, 899.4, 899.79, 900.17, 900.56, 900.95, 901.33, 901.72, 902.1, 902.49, 902.87, 903.26, 903.64, 904.03, 904.41, 904.8, 905.18, 905.57, 905.95, 906.34, 906.72, 907.11, 907.49, 907.88, 908.26, 908.64, 909.03, 909.41, 909.79, 910.18, 910.56, 910.94, 911.33, 911.71, 912.09, 912.48, 912.86, 913.24, 913.63, 914.01, 914.39, 914.77, 915.15, 915.54, 915.92, 916.3, 916.68, 917.06, 917.45, 917.83, 918.21, 918.59, 918.97, 919.35, 919.73, 920.11, 920.5, 920.88, 921.26, 921.64, 922.02, 922.4, 922.78, 923.16, 923.54, 923.92, 924.3, 924.68, 925.06, 925.44, 925.82, 926.2, 926.57, 926.95, 927.33, 927.71, 928.09, 928.47, 928.85, 929.23, 929.6, 929.98, 930.36, 930.74, 931.12, 931.49, 931.87, 932.25, 932.63, 933.01, 933.38, 933.76, 934.14, 934.51, 934.89, 935.27, 935.64, 936.02, 936.4, 936.77, 937.15, 937.53, 937.9, 938.28, 938.65, 939.03, 939.41, 939.78, 940.16, 940.53, 940.91, 941.28, 941.66, 942.03, 942.41, 942.78, 943.16, 943.53, 943.91, 944.28, 944.66, 945.03, 945.4, 945.78, 946.15, 946.53, 946.9, 947.27, 947.65, 948.02, 948.39, 948.77, 949.14, 949.51, 949.89, 950.26, 950.63, 951.0, 951.38, 951.75, 952.12, 952.49, 952.87, 953.24, 953.61, 953.98, 954.35, 954.72, 955.1, 955.47, 955.84, 956.21, 956.58, 956.95, 957.32, 957.69, 958.06, 958.44, 958.81, 959.18, 959.55, 959.92, 960.29, 960.66, 961.03, 961.4, 961.77, 962.14, 962.5, 962.87, 963.24, 963.61, 963.98, 964.35, 964.72, 965.09, 965.46, 965.83, 966.19, 966.56, 966.93, 967.3, 967.67, 968.03, 968.4, 968.77, 969.14, 969.51, 969.87, 970.24, 970.61, 970.97, 971.34, 971.71, 972.08, 972.44, 972.81, 973.18, 973.54, 973.91, 974.27, 974.64, 975.01, 975.37, 975.74, 976.1, 976.47, 976.84, 977.2, 977.57, 977.93, 978.3, 978.66, 979.03, 979.39, 979.76, 980.12, 980.48, 980.85, 981.21, 981.58, 981.94, 982.31, 982.67, 983.03, 983.4, 983.76, 984.12, 984.49, 984.85, 985.21, 985.58, 985.94, 986.3, 986.67, 987.03, 987.39, 987.75, 988.12, 988.48, 988.84, 989.2, 989.56, 989.93, 990.29, 990.65, 991.01, 991.37, 991.73, 992.1, 992.46, 992.82, 993.18, 993.54, 993.9, 994.26, 994.62, 994.98, 995.34, 995.7, 996.06, 996.42, 996.78, 997.14, 997.5, 997.86, 998.22, 998.58, 998.94, 999.3, 999.66, 1000.02, 1000.38, 1000.74, 1001.09, 1001.45, 1001.81, 1002.17, 1002.53, 1002.89, 1003.24, 1003.6, 1003.96, 1004.32, 1004.68, 1005.03, 1005.39, 1005.75, 1006.11, 1006.46, 1006.82, 1007.18, 1007.53, 1007.89, 1008.25, 1008.6, 1008.96, 1009.32, 1009.67, 1010.03, 1010.39, 1010.74, 1011.1, 1011.45, 1011.81, 1012.16, 1012.52, 1012.88, 1013.23, 1013.59, 1013.94, 1014.3, 1014.65, 1015.01, 1015.36, 1015.72, 1016.07, 1016.42, 1016.78, 1017.13, 1017.49, 1017.84, 1018.19, 1018.55, 1018.9, 1019.26, 1019.61, 1019.96, 1020.32, 1020.67, 1021.02, 1021.37, 1021.73, 1022.08, 1022.43, 1022.79, 1023.14, 1023.49, 1023.84, 1024.19, 1024.55, 1024.9, 1025.25, 1025.6, 1025.95, 1026.31, 1026.66, 1027.01, 1027.36, 1027.71, 1028.06, 1028.41, 1028.76, 1029.11, 1029.46, 1029.82, 1030.17, 1030.52, 1030.87, 1031.22, 1031.57, 1031.92, 1032.27, 1032.62, 1032.97, 1033.32, 1033.66, 1034.01, 1034.36, 1034.71, 1035.06, 1035.41, 1035.76, 1036.11, 1036.46, 1036.8, 1037.15, 1037.5, 1037.85, 1038.2, 1038.55, 1038.89, 1039.24, 1039.59, 1039.94, 1040.28, 1040.63, 1040.98, 1041.33, 1041.67, 1042.02, 1042.37, 1042.71, 1043.06, 1043.41, 1043.75, 1044.1, 1044.45, 1044.79, 1045.14, 1045.48, 1045.83, 1046.18, 1046.52, 1046.87, 1047.21, 1047.56, 1047.9, 1048.25, 1048.59, 1048.94, 1049.28, 1049.63, 1049.97, 1050.32, 1050.66, 1051.01, 1051.35, 1051.7, 1052.04, 1052.38, 1052.73, 1053.07, 1053.41, 1053.76, 1054.1, 1054.44, 1054.79, 1055.13, 1055.47, 1055.82, 1056.16, 1056.5, 1056.85, 1057.19, 1057.53, 1057.87, 1058.21, 1058.56, 1058.9, 1059.24, 1059.58, 1059.92, 1060.27, 1060.61, 1060.95, 1061.29, 1061.63, 1061.97, 1062.31, 1062.65, 1063.0, 1063.34, 1063.68, 1064.02, 1064.36, 1064.7, 1065.04, 1065.38, 1065.72, 1066.06, 1066.4, 1066.74, 1067.08, 1067.42, 1067.76, 1068.1, 1068.43, 1068.77, 1069.11, 1069.45, 1069.79, 1070.13, 1070.47, 1070.81, 1071.14, 1071.48, 1071.82, 1072.16, 1072.5, 1072.83, 1073.17, 1073.51, 1073.85, 1074.19, 1074.52, 1074.86, 1075.2, 1075.53, 1075.87, 1076.21, 1076.54, 1076.88, 1077.22, 1077.55, 1077.89, 1078.23, 1078.56, 1078.9, 1079.24, 1079.57, 1079.91, 1080.24, 1080.58, 1080.91, 1081.25, 1081.58, 1081.92, 1082.25, 1082.59, 1082.92, 1083.26, 1083.59, 1083.93]
Reference peaks (nm): [479.94 530.2  584.42 685.26 743.59 807.87]
Number of Peaks Used: 6
Polynomial degree: None
rms error: 0.001995 nm
Max error: 0.003185 nm

Fit coefficients:
  coeff[0]: 1.7286359307376842e-10
  coeff[1]: -5.111472644298348e-05
  coeff[2]: 0.5424865791043982
  coeff[3]: 185.36194516403117

Runtime=0.18172717094421387 seconds
Residuals (nm)=  Peak 1: -0.000857789007284282 ,  Peak 2: 0.0015378166920072545 ,  Peak 3: 0.00015240873096900032 ,  Peak 4: -0.0031360221719296533 ,  Peak 5: 0.0031847737658381448 ,  Peak 6: -0.0008811880126131655 ,