" File: Users\elleslab\Documents\Data\2026\03092
"  ABSOR->  Wave:698.82nm  Pix:1050  Val:  0.060  Time: 87ms  Avg:5  Sm:3  Sg:0  Tc:off  SNAP  Xt:2  Ch:1  Xtrig  
185.49  1.0000E-003
186.03  1.0000E-003
186.57  1.0000E-003
187.12  1.0000E-003
187.66  1.0000E-003
188.20  1.0000E-003
188.74  1.0000E-003
189.28  1.0000E-003
189.82  1.0000E-003
190.36  1.0000E-003
190.91  1.0000E-003
191.45  1.0000E-003
191.99  1.0000E-003
192.53  1.0000E-003
193.07  1.0000E-003
193.61  1.0000E-003
194.15  1.0000E-003
194.69  1.0000E-003
195.23  1.0000E-003
195.77  1.0000E-003
196.31  1.0000E-003
196.85  1.0000E-003
197.39  1.0000E-003
197.93  1.0000E-003
198.47  1.0000E-003
199.01  1.0000E-003
199.55  5.1650E-003
200.09  3.3359E-003
200.63  5.0768E-003
201.17  4.1316E-003
201.71  6.1805E-003
202.24  9.0448E-003
202.78  8.2936E-003
203.32  9.3196E-003
203.86  1.0889E-002
204.40  1.3480E-002
204.94  1.4870E-002
205.48  1.4372E-002
206.01  1.7967E-002
206.55  1.9703E-002
207.09  2.1297E-002
207.63  2.3067E-002
208.17  2.4959E-002
208.70  2.6761E-002
209.24  2.8335E-002
209.78  2.9837E-002
210.32  3.1435E-002
210.85  3.3050E-002
211.39  3.4481E-002
211.93  3.5911E-002
212.47  3.7257E-002
213.00  3.8627E-002
213.54  4.0175E-002
214.08  4.1635E-002
214.61  4.2969E-002
215.15  4.4598E-002
215.69  4.6361E-002
216.22  4.8350E-002
216.76  5.0530E-002
217.29  5.2805E-002
217.83  5.5589E-002
218.37  5.9020E-002
218.90  6.2884E-002
219.44  6.7398E-002
219.97  7.2652E-002
220.51  7.8848E-002
221.04  8.5942E-002
221.58  9.3853E-002
222.11  1.0289E-001
222.65  1.1322E-001
223.18  1.2488E-001
223.72  1.3832E-001
224.25  1.5316E-001
224.79  1.6964E-001
225.32  1.8813E-001
225.86  2.0853E-001
226.39  2.3064E-001
226.93  2.5439E-001
227.46  2.7952E-001
228.00  3.0629E-001
228.53  3.3448E-001
229.06  3.6364E-001
229.60  3.9393E-001
230.13  4.2516E-001
230.66  4.5704E-001
231.20  4.8949E-001
231.73  5.2204E-001
232.26  5.5503E-001
232.80  5.8801E-001
233.33  6.2090E-001
233.86  6.5351E-001
234.40  6.8543E-001
234.93  7.1659E-001
235.46  7.4731E-001
235.99  7.7737E-001
236.53  8.0670E-001
237.06  8.3511E-001
237.59  8.6237E-001
238.12  8.8926E-001
238.66  9.1507E-001
239.19  9.4020E-001
239.72  9.6461E-001
240.25  9.8785E-001
240.78  1.0100E+000
241.31  1.0309E+000
241.85  1.0506E+000
242.38  1.0686E+000
242.91  1.0870E+000
243.44  1.1042E+000
243.97  1.1204E+000
244.50  1.1355E+000
245.03  1.1495E+000
245.56  1.1628E+000
246.09  1.1752E+000
246.62  1.1869E+000
247.15  1.1977E+000
247.69  1.2076E+000
248.22  1.2166E+000
248.75  1.2247E+000
249.28  1.2321E+000
249.81  1.2391E+000
250.34  1.2453E+000
250.87  1.2510E+000
251.39  1.2567E+000
251.92  1.2610E+000
252.45  1.2651E+000
252.98  1.2688E+000
253.51  1.2722E+000
254.04  1.2754E+000
254.57  1.2780E+000
255.10  1.2802E+000
255.63  1.2821E+000
256.16  1.2835E+000
256.69  1.2846E+000
257.21  1.2855E+000
257.74  1.2862E+000
258.27  1.2869E+000
258.80  1.2874E+000
259.33  1.2878E+000
259.86  1.2881E+000
260.38  1.2881E+000
260.91  1.2878E+000
261.44  1.2874E+000
261.97  1.2866E+000
262.49  1.2857E+000
263.02  1.2849E+000
263.55  1.2838E+000
264.08  1.2828E+000
264.60  1.2818E+000
265.13  1.2808E+000
265.66  1.2799E+000
266.18  1.2788E+000
266.71  1.2778E+000
267.24  1.2766E+000
267.76  1.2752E+000
268.29  1.2739E+000
268.82  1.2725E+000
269.34  1.2711E+000
269.87  1.2696E+000
270.39  1.2682E+000
270.92  1.2666E+000
271.45  1.2651E+000
271.97  1.2632E+000
272.50  1.2614E+000
273.02  1.2596E+000
273.55  1.2577E+000
274.07  1.2556E+000
274.60  1.2534E+000
275.12  1.2511E+000
275.65  1.2486E+000
276.17  1.2461E+000
276.70  1.2437E+000
277.22  1.2409E+000
277.75  1.2381E+000
278.27  1.2353E+000
278.80  1.2325E+000
279.32  1.2295E+000
279.84  1.2265E+000
280.37  1.2233E+000
280.89  1.2200E+000
281.42  1.2167E+000
281.94  1.2133E+000
282.46  1.2097E+000
282.99  1.2065E+000
283.51  1.2032E+000
284.03  1.1995E+000
284.56  1.1958E+000
285.08  1.1920E+000
285.60  1.1883E+000
286.13  1.1845E+000
286.65  1.1808E+000
287.17  1.1770E+000
287.70  1.1732E+000
288.22  1.1697E+000
288.74  1.1662E+000
289.26  1.1627E+000
289.78  1.1593E+000
290.31  1.1559E+000
290.83  1.1526E+000
291.35  1.1495E+000
291.87  1.1462E+000
292.39  1.1428E+000
292.92  1.1402E+000
293.44  1.1376E+000
293.96  1.1349E+000
294.48  1.1321E+000
295.00  1.1294E+000
295.52  1.1268E+000
296.04  1.1243E+000
296.56  1.1218E+000
297.09  1.1193E+000
297.61  1.1168E+000
298.13  1.1145E+000
298.65  1.1122E+000
299.17  1.1099E+000
299.69  1.1076E+000
300.21  1.1054E+000
300.73  1.1033E+000
301.25  1.1012E+000
301.77  1.0990E+000
302.29  1.0969E+000
302.81  1.0949E+000
303.33  1.0932E+000
303.85  1.0915E+000
304.37  1.0896E+000
304.89  1.0879E+000
305.41  1.0862E+000
305.92  1.0845E+000
306.44  1.0829E+000
306.96  1.0812E+000
307.48  1.0794E+000
308.00  1.0778E+000
308.52  1.0761E+000
309.04  1.0743E+000
309.56  1.0724E+000
310.07  1.0703E+000
310.59  1.0682E+000
311.11  1.0663E+000
311.63  1.0642E+000
312.15  1.0620E+000
312.66  1.0598E+000
313.18  1.0576E+000
313.70  1.0553E+000
314.22  1.0527E+000
314.73  1.0501E+000
315.25  1.0477E+000
315.77  1.0452E+000
316.29  1.0428E+000
316.80  1.0402E+000
317.32  1.0375E+000
317.84  1.0349E+000
318.35  1.0323E+000
318.87  1.0296E+000
319.39  1.0268E+000
319.90  1.0239E+000
320.42  1.0210E+000
320.93  1.0180E+000
321.45  1.0149E+000
321.97  1.0115E+000
322.48  1.0080E+000
323.00  1.0044E+000
323.51  1.0007E+000
324.03  9.9668E-001
324.54  9.9267E-001
325.06  9.8851E-001
325.58  9.8418E-001
326.09  9.7986E-001
326.61  9.7533E-001
327.12  9.7065E-001
327.64  9.6591E-001
328.15  9.6094E-001
328.66  9.5587E-001
329.18  9.5068E-001
329.69  9.4542E-001
330.21  9.4011E-001
330.72  9.3495E-001
331.24  9.2979E-001
331.75  9.2468E-001
332.26  9.1960E-001
332.78  9.1463E-001
333.29  9.0948E-001
333.81  9.0421E-001
334.32  8.9905E-001
334.83  8.9395E-001
335.35  8.8876E-001
335.86  8.8366E-001
336.37  8.7850E-001
336.89  8.7317E-001
337.40  8.6800E-001
337.91  8.6262E-001
338.42  8.5711E-001
338.94  8.5145E-001
339.45  8.4552E-001
339.96  8.3945E-001
340.47  8.3333E-001
340.99  8.2685E-001
341.50  8.2031E-001
342.01  8.1367E-001
342.52  8.0692E-001
343.03  8.0001E-001
343.55  7.9304E-001
344.06  7.8612E-001
344.57  7.7926E-001
345.08  7.7236E-001
345.59  7.6569E-001
346.10  7.5893E-001
346.61  7.5205E-001
347.12  7.4535E-001
347.64  7.3865E-001
348.15  7.3201E-001
348.66  7.2522E-001
349.17  7.1816E-001
349.68  7.1115E-001
350.19  7.0404E-001
350.70  6.9672E-001
351.21  6.8943E-001
351.72  6.8198E-001
352.23  6.7426E-001
352.74  6.6651E-001
353.25  6.5860E-001
353.76  6.5068E-001
354.27  6.4265E-001
354.78  6.3422E-001
355.29  6.2552E-001
355.80  6.1621E-001
356.31  6.0615E-001
356.81  5.9529E-001
357.32  5.8335E-001
357.83  5.7022E-001
358.34  5.5570E-001
358.85  5.3974E-001
359.36  5.2272E-001
359.87  5.0473E-001
360.38  4.8596E-001
360.88  4.6676E-001
361.39  4.4701E-001
361.90  4.2686E-001
362.41  4.0655E-001
362.92  3.8621E-001
363.42  3.6602E-001
363.93  3.4620E-001
364.44  3.2681E-001
364.95  3.0814E-001
365.45  2.9025E-001
365.96  2.7329E-001
366.47  2.5745E-001
366.98  2.4274E-001
367.48  2.2924E-001
367.99  2.1683E-001
368.50  2.0541E-001
369.00  1.9498E-001
369.51  1.8536E-001
370.02  1.7649E-001
370.52  1.6833E-001
371.03  1.6078E-001
371.53  1.5377E-001
372.04  1.4737E-001
372.55  1.4151E-001
373.05  1.3615E-001
373.56  1.3126E-001
374.06  1.2680E-001
374.57  1.2288E-001
375.07  1.1936E-001
375.58  1.1620E-001
376.08  1.1336E-001
376.59  1.1072E-001
377.09  1.0826E-001
377.60  1.0590E-001
378.10  1.0365E-001
378.61  1.0158E-001
379.11  9.9750E-002
379.62  9.8071E-002
380.12  9.6551E-002
380.63  9.5124E-002
381.13  9.3830E-002
381.64  9.2658E-002
382.14  9.1508E-002
382.64  9.0441E-002
383.15  8.9371E-002
383.65  8.8308E-002
384.15  8.7227E-002
384.66  8.6141E-002
385.16  8.5130E-002
385.67  8.4207E-002
386.17  8.3374E-002
386.67  8.2547E-002
387.17  8.1669E-002
387.68  8.0746E-002
388.18  7.9921E-002
388.68  7.9210E-002
389.19  7.8529E-002
389.69  7.7808E-002
390.19  7.7082E-002
390.69  7.6389E-002
391.19  7.5724E-002
391.70  7.5076E-002
392.20  7.4410E-002
392.70  7.3836E-002
393.20  7.3280E-002
393.70  7.2737E-002
394.21  7.2228E-002
394.71  7.1714E-002
395.21  7.1303E-002
395.71  7.0962E-002
396.21  7.0700E-002
396.71  7.0281E-002
397.21  6.9747E-002
397.71  6.9241E-002
398.21  6.8802E-002
398.72  6.8392E-002
399.22  6.8013E-002
399.72  6.7623E-002
400.22  6.7183E-002
400.72  6.6836E-002
401.22  6.6504E-002
401.72  6.6179E-002
402.22  6.5856E-002
402.72  6.5524E-002
403.22  6.5205E-002
403.72  6.4830E-002
404.22  6.4429E-002
404.72  6.4070E-002
405.22  6.3873E-002
405.71  6.3759E-002
406.21  6.3650E-002
406.71  6.3575E-002
407.21  6.3580E-002
407.71  6.3699E-002
408.21  6.3766E-002
408.71  6.3911E-002
409.21  6.4018E-002
409.70  6.4135E-002
410.20  6.4259E-002
410.70  6.4404E-002
411.20  6.4587E-002
411.70  6.4774E-002
412.20  6.5019E-002
412.69  6.5381E-002
413.19  6.5653E-002
413.69  6.5877E-002
414.19  6.6142E-002
414.68  6.6431E-002
415.18  6.6690E-002
415.68  6.6875E-002
416.18  6.6953E-002
416.67  6.7121E-002
417.17  6.7382E-002
417.67  6.7697E-002
418.16  6.7932E-002
418.66  6.8153E-002
419.16  6.8421E-002
419.65  6.8749E-002
420.15  6.9077E-002
420.65  6.9414E-002
421.14  6.9745E-002
421.64  7.0113E-002
422.13  7.0571E-002
422.63  7.1044E-002
423.12  7.1538E-002
423.62  7.2243E-002
424.12  7.3201E-002
424.61  7.4588E-002
425.11  7.6477E-002
425.60  7.8833E-002
426.10  8.1720E-002
426.59  8.5173E-002
427.09  8.8973E-002
427.58  9.2954E-002
428.08  9.7058E-002
428.57  1.0134E-001
429.07  1.0569E-001
429.56  1.1011E-001
430.05  1.1466E-001
430.55  1.1934E-001
431.04  1.2418E-001
431.54  1.2920E-001
432.03  1.3416E-001
432.52  1.3901E-001
433.02  1.4371E-001
433.51  1.4816E-001
434.01  1.5220E-001
434.50  1.5577E-001
434.99  1.5889E-001
435.48  1.6188E-001
435.98  1.6476E-001
436.47  1.6761E-001
436.96  1.7030E-001
437.46  1.7301E-001
437.95  1.7568E-001
438.44  1.7829E-001
438.93  1.8085E-001
439.43  1.8323E-001
439.92  1.8535E-001
440.41  1.8733E-001
440.90  1.8922E-001
441.40  1.9084E-001
441.89  1.9217E-001
442.38  1.9328E-001
442.87  1.9417E-001
443.36  1.9489E-001
443.85  1.9522E-001
444.35  1.9517E-001
444.84  1.9474E-001
445.33  1.9406E-001
445.82  1.9309E-001
446.31  1.9180E-001
446.80  1.9023E-001
447.29  1.8830E-001
447.78  1.8618E-001
448.27  1.8396E-001
448.76  1.8156E-001
449.25  1.7893E-001
449.74  1.7617E-001
450.23  1.7335E-001
450.72  1.7047E-001
451.21  1.6755E-001
451.70  1.6461E-001
452.19  1.6175E-001
452.68  1.5910E-001
453.17  1.5664E-001
453.66  1.5438E-001
454.15  1.5230E-001
454.64  1.5044E-001
455.13  1.4891E-001
455.62  1.4772E-001
456.11  1.4682E-001
456.60  1.4615E-001
457.09  1.4576E-001
457.57  1.4564E-001
458.06  1.4574E-001
458.55  1.4598E-001
459.04  1.4638E-001
459.53  1.4701E-001
460.02  1.4786E-001
460.50  1.4900E-001
460.99  1.5024E-001
461.48  1.5157E-001
461.97  1.5301E-001
462.45  1.5453E-001
462.94  1.5611E-001
463.43  1.5766E-001
463.92  1.5922E-001
464.40  1.6071E-001
464.89  1.6221E-001
465.38  1.6371E-001
465.86  1.6522E-001
466.35  1.6677E-001
466.84  1.6837E-001
467.33  1.7005E-001
467.81  1.7178E-001
468.30  1.7346E-001
468.78  1.7503E-001
469.27  1.7653E-001
469.76  1.7796E-001
470.24  1.7936E-001
470.73  1.8069E-001
471.21  1.8207E-001
471.70  1.8342E-001
472.19  1.8474E-001
472.67  1.8622E-001
473.16  1.8782E-001
473.64  1.8960E-001
474.13  1.9146E-001
474.61  1.9339E-001
475.10  1.9540E-001
475.58  1.9744E-001
476.07  1.9938E-001
476.55  2.0136E-001
477.04  2.0338E-001
477.52  2.0536E-001
478.00  2.0719E-001
478.49  2.0868E-001
478.97  2.0998E-001
479.46  2.1082E-001
479.94  2.1117E-001
480.43  2.1095E-001
480.91  2.1010E-001
481.39  2.0855E-001
481.88  2.0637E-001
482.36  2.0360E-001
482.84  2.0035E-001
483.33  1.9663E-001
483.81  1.9249E-001
484.29  1.8809E-001
484.78  1.8340E-001
485.26  1.7832E-001
485.74  1.7313E-001
486.22  1.6788E-001
486.71  1.6267E-001
487.19  1.5754E-001
487.67  1.5255E-001
488.15  1.4764E-001
488.64  1.4290E-001
489.12  1.3829E-001
489.60  1.3388E-001
490.08  1.2972E-001
490.56  1.2587E-001
491.04  1.2237E-001
491.53  1.1920E-001
492.01  1.1639E-001
492.49  1.1398E-001
492.97  1.1189E-001
493.45  1.1026E-001
493.93  1.0893E-001
494.41  1.0793E-001
494.89  1.0725E-001
495.37  1.0683E-001
495.86  1.0665E-001
496.34  1.0683E-001
496.82  1.0729E-001
497.30  1.0809E-001
497.78  1.0919E-001
498.26  1.1048E-001
498.74  1.1198E-001
499.22  1.1366E-001
499.70  1.1545E-001
500.18  1.1742E-001
500.66  1.1946E-001
501.14  1.2160E-001
501.62  1.2387E-001
502.09  1.2621E-001
502.57  1.2873E-001
503.05  1.3147E-001
503.53  1.3430E-001
504.01  1.3735E-001
504.49  1.4062E-001
504.97  1.4417E-001
505.45  1.4805E-001
505.93  1.5221E-001
506.40  1.5675E-001
506.88  1.6162E-001
507.36  1.6671E-001
507.84  1.7217E-001
508.32  1.7792E-001
508.79  1.8376E-001
509.27  1.8978E-001
509.75  1.9581E-001
510.23  2.0176E-001
510.71  2.0745E-001
511.18  2.1278E-001
511.66  2.1780E-001
512.14  2.2240E-001
512.61  2.2640E-001
513.09  2.2969E-001
513.57  2.3225E-001
514.04  2.3410E-001
514.52  2.3519E-001
515.00  2.3556E-001
515.47  2.3534E-001
515.95  2.3463E-001
516.43  2.3345E-001
516.90  2.3226E-001
517.38  2.3106E-001
517.86  2.3004E-001
518.33  2.2958E-001
518.81  2.2974E-001
519.28  2.3053E-001
519.76  2.3201E-001
520.23  2.3410E-001
520.71  2.3689E-001
521.18  2.4040E-001
521.66  2.4438E-001
522.13  2.4896E-001
522.61  2.5415E-001
523.08  2.5992E-001
523.56  2.6621E-001
524.03  2.7292E-001
524.51  2.8006E-001
524.98  2.8732E-001
525.46  2.9439E-001
525.93  3.0121E-001
526.41  3.0739E-001
526.88  3.1286E-001
527.35  3.1772E-001
527.83  3.2186E-001
528.30  3.2537E-001
528.77  3.2818E-001
529.25  3.3011E-001
529.72  3.3132E-001
530.20  3.3168E-001
530.67  3.3091E-001
531.14  3.2915E-001
531.61  3.2619E-001
532.09  3.2200E-001
532.56  3.1652E-001
533.03  3.0988E-001
533.51  3.0237E-001
533.98  2.9403E-001
534.45  2.8496E-001
534.92  2.7541E-001
535.40  2.6542E-001
535.87  2.5509E-001
536.34  2.4443E-001
536.81  2.3358E-001
537.28  2.2278E-001
537.75  2.1210E-001
538.23  2.0163E-001
538.70  1.9156E-001
539.17  1.8185E-001
539.64  1.7266E-001
540.11  1.6403E-001
540.58  1.5602E-001
541.05  1.4855E-001
541.53  1.4158E-001
542.00  1.3512E-001
542.47  1.2921E-001
542.94  1.2378E-001
543.41  1.1876E-001
543.88  1.1431E-001
544.35  1.1032E-001
544.82  1.0673E-001
545.29  1.0355E-001
545.76  1.0068E-001
546.23  9.8107E-002
546.70  9.5793E-002
547.17  9.3714E-002
547.64  9.1899E-002
548.11  9.0308E-002
548.58  8.8897E-002
549.05  8.7699E-002
549.52  8.6717E-002
549.98  8.5900E-002
550.45  8.5208E-002
550.92  8.4665E-002
551.39  8.4361E-002
551.86  8.4127E-002
552.33  8.4011E-002
552.80  8.4068E-002
553.26  8.4231E-002
553.73  8.4504E-002
554.20  8.4886E-002
554.67  8.5337E-002
555.14  8.5942E-002
555.61  8.6653E-002
556.07  8.7479E-002
556.54  8.8432E-002
557.01  8.9569E-002
557.48  9.0918E-002
557.94  9.2519E-002
558.41  9.4348E-002
558.88  9.6477E-002
559.34  9.8830E-002
559.81  1.0151E-001
560.28  1.0460E-001
560.75  1.0807E-001
561.21  1.1207E-001
561.68  1.1680E-001
562.15  1.2241E-001
562.61  1.2920E-001
563.08  1.3748E-001
563.54  1.4762E-001
564.01  1.6002E-001
564.48  1.7484E-001
564.94  1.9219E-001
565.41  2.1225E-001
565.87  2.3515E-001
566.34  2.6077E-001
566.80  2.8876E-001
567.27  3.1887E-001
567.73  3.5073E-001
568.20  3.8431E-001
568.66  4.1955E-001
569.13  4.5613E-001
569.59  4.9364E-001
570.06  5.3162E-001
570.52  5.6956E-001
570.99  6.0670E-001
571.45  6.4276E-001
571.92  6.7738E-001
572.38  7.1008E-001
572.85  7.4027E-001
573.31  7.6711E-001
573.77  7.8991E-001
574.24  8.0862E-001
574.70  8.2368E-001
575.16  8.3581E-001
575.63  8.4596E-001
576.09  8.5464E-001
576.56  8.6259E-001
577.02  8.6955E-001
577.48  8.7530E-001
577.94  8.7994E-001
578.41  8.8370E-001
578.87  8.8722E-001
579.33  8.9084E-001
579.80  8.9467E-001
580.26  8.9855E-001
580.72  9.0220E-001
581.18  9.0568E-001
581.64  9.0936E-001
582.11  9.1363E-001
582.57  9.1839E-001
583.03  9.2304E-001
583.49  9.2691E-001
583.95  9.2950E-001
584.42  9.3027E-001
584.88  9.2960E-001
585.34  9.2806E-001
585.80  9.2588E-001
586.26  9.2312E-001
586.72  9.1981E-001
587.18  9.1574E-001
587.64  9.1070E-001
588.11  9.0466E-001
588.57  8.9764E-001
589.03  8.8968E-001
589.49  8.8063E-001
589.95  8.7017E-001
590.41  8.5818E-001
590.87  8.4491E-001
591.33  8.3039E-001
591.79  8.1484E-001
592.25  7.9829E-001
592.71  7.8088E-001
593.17  7.6265E-001
593.63  7.4367E-001
594.09  7.2425E-001
594.55  7.0416E-001
595.00  6.8348E-001
595.46  6.6224E-001
595.92  6.4060E-001
596.38  6.1908E-001
596.84  5.9789E-001
597.30  5.7704E-001
597.76  5.5651E-001
598.22  5.3649E-001
598.68  5.1705E-001
599.13  4.9831E-001
599.59  4.8007E-001
600.05  4.6228E-001
600.51  4.4476E-001
600.97  4.2759E-001
601.42  4.1063E-001
601.88  3.9388E-001
602.34  3.7757E-001
602.80  3.6187E-001
603.25  3.4702E-001
603.71  3.3317E-001
604.17  3.2036E-001
604.63  3.0855E-001
605.08  2.9764E-001
605.54  2.8755E-001
606.00  2.7804E-001
606.45  2.6902E-001
606.91  2.6038E-001
607.37  2.5206E-001
607.82  2.4390E-001
608.28  2.3588E-001
608.74  2.2776E-001
609.19  2.1962E-001
609.65  2.1136E-001
610.10  2.0302E-001
610.56  1.9474E-001
611.02  1.8658E-001
611.47  1.7855E-001
611.93  1.7069E-001
612.38  1.6298E-001
612.84  1.5553E-001
613.29  1.4831E-001
613.75  1.4134E-001
614.20  1.3464E-001
614.66  1.2819E-001
615.11  1.2206E-001
615.57  1.1632E-001
616.02  1.1088E-001
616.48  1.0583E-001
616.93  1.0112E-001
617.39  9.6815E-002
617.84  9.2985E-002
618.29  8.9532E-002
618.75  8.6503E-002
619.20  8.3934E-002
619.66  8.1764E-002
620.11  7.9970E-002
620.56  7.8500E-002
621.02  7.7256E-002
621.47  7.6246E-002
621.92  7.5463E-002
622.38  7.4837E-002
622.83  7.4341E-002
623.28  7.3944E-002
623.73  7.3642E-002
624.19  7.3409E-002
624.64  7.3213E-002
625.09  7.3062E-002
625.55  7.2916E-002
626.00  7.2777E-002
626.45  7.2640E-002
626.90  7.2418E-002
627.35  7.2124E-002
627.81  7.1811E-002
628.26  7.1427E-002
628.71  7.1068E-002
629.16  7.0673E-002
629.61  7.0224E-002
630.06  6.9757E-002
630.52  6.9277E-002
630.97  6.8709E-002
631.42  6.8077E-002
631.87  6.7409E-002
632.32  6.6692E-002
632.77  6.5919E-002
633.22  6.5106E-002
633.67  6.4286E-002
634.12  6.3463E-002
634.57  6.2698E-002
635.02  6.1940E-002
635.47  6.1206E-002
635.92  6.0512E-002
636.37  5.9825E-002
636.82  5.9157E-002
637.27  5.8514E-002
637.72  5.7859E-002
638.17  5.7225E-002
638.62  5.6696E-002
639.07  5.6222E-002
639.52  5.5714E-002
639.97  5.5256E-002
640.42  5.4809E-002
640.87  5.4403E-002
641.32  5.4071E-002
641.77  5.3744E-002
642.22  5.3387E-002
642.66  5.3081E-002
643.11  5.2799E-002
643.56  5.2549E-002
644.01  5.2312E-002
644.46  5.2114E-002
644.91  5.1962E-002
645.35  5.1880E-002
645.80  5.1776E-002
646.25  5.1695E-002
646.70  5.1623E-002
647.15  5.1651E-002
647.59  5.1660E-002
648.04  5.1697E-002
648.49  5.1705E-002
648.94  5.1670E-002
649.38  5.1571E-002
649.83  5.1319E-002
650.28  5.0857E-002
650.72  5.0110E-002
651.17  4.9000E-002
651.62  4.8319E-002
652.06  4.9130E-002
652.51  5.0273E-002
652.96  5.1306E-002
653.40  5.2187E-002
653.85  5.2889E-002
654.29  5.3388E-002
654.74  5.3721E-002
655.19  5.3977E-002
655.63  5.4164E-002
656.08  5.4321E-002
656.52  5.4465E-002
656.97  5.4634E-002
657.41  5.4920E-002
657.86  5.5367E-002
658.30  5.6102E-002
658.75  5.7219E-002
659.19  5.8120E-002
659.64  5.7739E-002
660.08  5.6920E-002
660.53  5.6100E-002
660.97  5.5408E-002
661.42  5.4868E-002
661.86  5.4542E-002
662.30  5.4395E-002
662.75  5.4394E-002
663.19  5.4507E-002
663.64  5.4718E-002
664.08  5.5031E-002
664.52  5.5478E-002
664.97  5.6047E-002
665.41  5.6730E-002
665.85  5.7451E-002
666.30  5.8271E-002
666.74  5.9148E-002
667.18  6.0032E-002
667.63  6.1018E-002
668.07  6.2004E-002
668.51  6.2960E-002
668.96  6.3948E-002
669.40  6.4932E-002
669.84  6.5887E-002
670.28  6.6866E-002
670.73  6.7845E-002
671.17  6.8803E-002
671.61  6.9787E-002
672.05  7.0736E-002
672.49  7.1714E-002
672.93  7.2716E-002
673.38  7.3753E-002
673.82  7.4802E-002
674.26  7.5859E-002
674.70  7.7006E-002
675.14  7.8196E-002
675.58  7.9506E-002
676.02  8.0924E-002
676.47  8.2364E-002
676.91  8.3893E-002
677.35  8.5580E-002
677.79  8.7306E-002
678.23  8.9114E-002
678.67  9.1079E-002
679.11  9.3123E-002
679.55  9.5264E-002
679.99  9.7490E-002
680.43  9.9758E-002
680.87  1.0203E-001
681.31  1.0427E-001
681.75  1.0641E-001
682.19  1.0842E-001
682.63  1.1022E-001
683.07  1.1183E-001
683.51  1.1321E-001
683.95  1.1436E-001
684.38  1.1524E-001
684.82  1.1577E-001
685.26  1.1599E-001
685.70  1.1592E-001
686.14  1.1547E-001
686.58  1.1468E-001
687.02  1.1356E-001
687.46  1.1210E-001
687.89  1.1039E-001
688.33  1.0843E-001
688.77  1.0628E-001
689.21  1.0404E-001
689.65  1.0171E-001
690.08  9.9336E-002
690.52  9.6882E-002
690.96  9.4376E-002
691.40  9.1813E-002
691.83  8.9276E-002
692.27  8.6788E-002
692.71  8.4352E-002
693.15  8.1971E-002
693.58  7.9670E-002
694.02  7.7477E-002
694.46  7.5362E-002
694.89  7.3370E-002
695.33  7.1455E-002
695.77  6.9673E-002
696.20  6.7982E-002
696.64  6.6331E-002
697.08  6.4770E-002
697.51  6.3353E-002
697.95  6.2042E-002
698.38  6.0841E-002
698.82  5.9752E-002
699.25  5.8724E-002
699.69  5.7751E-002
700.13  5.6843E-002
700.56  5.6024E-002
701.00  5.5319E-002
701.43  5.4666E-002
701.87  5.4101E-002
702.30  5.3611E-002
702.74  5.3205E-002
703.17  5.2822E-002
703.61  5.2472E-002
704.04  5.2190E-002
704.48  5.1926E-002
704.91  5.1656E-002
705.34  5.1374E-002
705.78  5.1109E-002
706.21  5.0879E-002
706.65  5.0692E-002
707.08  5.0566E-002
707.51  5.0493E-002
707.95  5.0444E-002
708.38  5.0404E-002
708.81  5.0380E-002
709.25  5.0333E-002
709.68  5.0247E-002
710.11  5.0176E-002
710.55  5.0152E-002
710.98  5.0146E-002
711.41  5.0140E-002
711.85  5.0207E-002
712.28  5.0272E-002
712.71  5.0420E-002
713.14  5.0617E-002
713.58  5.0852E-002
714.01  5.1143E-002
714.44  5.1433E-002
714.87  5.1726E-002
715.30  5.2034E-002
715.74  5.2364E-002
716.17  5.2747E-002
716.60  5.3196E-002
717.03  5.3707E-002
717.46  5.4261E-002
717.89  5.4861E-002
718.32  5.5571E-002
718.76  5.6376E-002
719.19  5.7251E-002
719.62  5.8234E-002
720.05  5.9304E-002
720.48  6.0440E-002
720.91  6.1691E-002
721.34  6.2985E-002
721.77  6.4441E-002
722.20  6.6075E-002
722.63  6.7849E-002
723.06  6.9738E-002
723.49  7.1813E-002
723.92  7.4078E-002
724.35  7.6599E-002
724.78  7.9332E-002
725.21  8.2348E-002
725.64  8.5704E-002
726.07  8.9465E-002
726.50  9.3726E-002
726.93  9.8510E-002
727.36  1.0392E-001
727.79  1.0999E-001
728.21  1.1676E-001
728.64  1.2432E-001
729.07  1.3275E-001
729.50  1.4212E-001
729.93  1.5256E-001
730.36  1.6421E-001
730.79  1.7710E-001
731.21  1.9128E-001
731.64  2.0681E-001
732.07  2.2373E-001
732.50  2.4203E-001
732.93  2.6167E-001
733.35  2.8264E-001
733.78  3.0487E-001
734.21  3.2838E-001
734.64  3.5312E-001
735.06  3.7895E-001
735.49  4.0562E-001
735.92  4.3293E-001
736.34  4.6043E-001
736.77  4.8791E-001
737.20  5.1501E-001
737.63  5.4133E-001
738.05  5.6659E-001
738.48  5.9041E-001
738.90  6.1242E-001
739.33  6.3230E-001
739.76  6.4979E-001
740.18  6.6476E-001
740.61  6.7722E-001
741.03  6.8724E-001
741.46  6.9491E-001
741.89  7.0041E-001
742.31  7.0413E-001
742.74  7.0648E-001
743.16  7.0779E-001
743.59  7.0825E-001
744.01  7.0817E-001
744.44  7.0760E-001
744.86  7.0671E-001
745.29  7.0556E-001
745.71  7.0415E-001
746.14  7.0242E-001
746.56  7.0036E-001
746.99  6.9790E-001
747.41  6.9516E-001
747.83  6.9187E-001
748.26  6.8810E-001
748.68  6.8365E-001
749.11  6.7834E-001
749.53  6.7204E-001
749.95  6.6477E-001
750.38  6.5633E-001
750.80  6.4681E-001
751.22  6.3605E-001
751.65  6.2401E-001
752.07  6.1083E-001
752.49  5.9653E-001
752.92  5.8138E-001
753.34  5.6551E-001
753.76  5.4920E-001
754.19  5.3278E-001
754.61  5.1620E-001
755.03  4.9969E-001
755.45  4.8326E-001
755.88  4.6699E-001
756.30  4.5093E-001
756.72  4.3524E-001
757.14  4.1986E-001
757.56  4.0495E-001
757.99  3.9057E-001
758.41  3.7677E-001
758.83  3.6360E-001
759.25  3.5097E-001
759.67  3.3873E-001
760.09  3.2674E-001
760.51  3.1504E-001
760.94  3.0370E-001
761.36  2.9276E-001
761.78  2.8237E-001
762.20  2.7256E-001
762.62  2.6326E-001
763.04  2.5443E-001
763.46  2.4600E-001
763.88  2.3792E-001
764.30  2.3014E-001
764.72  2.2268E-001
765.14  2.1557E-001
765.56  2.0877E-001
765.98  2.0224E-001
766.40  1.9597E-001
766.82  1.9002E-001
767.24  1.8431E-001
767.66  1.7887E-001
768.08  1.7365E-001
768.50  1.6867E-001
768.92  1.6398E-001
769.34  1.5958E-001
769.76  1.5545E-001
770.17  1.5162E-001
770.59  1.4806E-001
771.01  1.4473E-001
771.43  1.4165E-001
771.85  1.3885E-001
772.27  1.3627E-001
772.69  1.3394E-001
773.10  1.3187E-001
773.52  1.3010E-001
773.94  1.2859E-001
774.36  1.2739E-001
774.78  1.2649E-001
775.19  1.2587E-001
775.61  1.2558E-001
776.03  1.2559E-001
776.45  1.2598E-001
776.86  1.2678E-001
777.28  1.2795E-001
777.70  1.2949E-001
778.11  1.3138E-001
778.53  1.3366E-001
778.95  1.3624E-001
779.36  1.3914E-001
779.78  1.4238E-001
780.20  1.4601E-001
780.61  1.5000E-001
781.03  1.5439E-001
781.45  1.5923E-001
781.86  1.6449E-001
782.28  1.7018E-001
782.69  1.7621E-001
783.11  1.8255E-001
783.53  1.8926E-001
783.94  1.9639E-001
784.36  2.0395E-001
784.77  2.1203E-001
785.19  2.2057E-001
785.60  2.2951E-001
786.02  2.3880E-001
786.43  2.4852E-001
786.85  2.5870E-001
787.26  2.6930E-001
787.68  2.8030E-001
788.09  2.9171E-001
788.50  3.0348E-001
788.92  3.1568E-001
789.33  3.2842E-001
789.75  3.4169E-001
790.16  3.5553E-001
790.58  3.6977E-001
790.99  3.8442E-001
791.40  3.9925E-001
791.82  4.1444E-001
792.23  4.2915E-001
792.64  4.4359E-001
793.06  4.5805E-001
793.47  4.7248E-001
793.88  4.8682E-001
794.30  5.0098E-001
794.71  5.1495E-001
795.12  5.2864E-001
795.53  5.4196E-001
795.95  5.5494E-001
796.36  5.6748E-001
796.77  5.7956E-001
797.18  5.9117E-001
797.60  6.0234E-001
798.01  6.1297E-001
798.42  6.2317E-001
798.83  6.3265E-001
799.24  6.4233E-001
799.66  6.5200E-001
800.07  6.6141E-001
800.48  6.7074E-001
800.89  6.8004E-001
801.30  6.8959E-001
801.71  6.9946E-001
802.12  7.0976E-001
802.53  7.2052E-001
802.95  7.3163E-001
803.36  7.4297E-001
803.77  7.5444E-001
804.18  7.6589E-001
804.59  7.7724E-001
805.00  7.8830E-001
805.41  7.9889E-001
805.82  8.0893E-001
806.23  8.1805E-001
806.64  8.2600E-001
807.05  8.3255E-001
807.46  8.3723E-001
807.87  8.3970E-001
808.28  8.3956E-001
808.69  8.3654E-001
809.10  8.3059E-001
809.51  8.2170E-001
809.92  8.0995E-001
810.32  7.9563E-001
810.73  7.7916E-001
811.14  7.6090E-001
811.55  7.4103E-001
811.96  7.1991E-001
812.37  6.9794E-001
812.78  6.7531E-001
813.18  6.5234E-001
813.59  6.2941E-001
814.00  6.0666E-001
814.41  5.8431E-001
814.82  5.6251E-001
815.22  5.4147E-001
815.63  5.2125E-001
816.04  5.0169E-001
816.45  4.8281E-001
816.86  4.6475E-001
817.26  4.4751E-001
817.67  4.3113E-001
818.08  4.1563E-001
818.48  4.0102E-001
818.89  3.8722E-001
819.30  3.7407E-001
819.70  3.6149E-001
820.11  3.4950E-001
820.52  3.3799E-001
820.92  3.2696E-001
821.33  3.1634E-001
821.74  3.0614E-001
822.14  2.9627E-001
822.55  2.8669E-001
822.95  2.7738E-001
823.36  2.6828E-001
823.77  2.5938E-001
824.17  2.5078E-001
824.58  2.4251E-001
824.98  2.3458E-001
825.39  2.2695E-001
825.79  2.1961E-001
826.20  2.1258E-001
826.60  2.0589E-001
827.01  1.9945E-001
827.41  1.9323E-001
827.82  1.8724E-001
828.22  1.8149E-001
828.63  1.7595E-001
829.03  1.7058E-001
829.44  1.6534E-001
829.84  1.6024E-001
830.24  1.5527E-001
830.65  1.5040E-001
831.05  1.4562E-001
831.46  1.4097E-001
831.86  1.3645E-001
832.26  1.3201E-001
832.67  1.2770E-001
833.07  1.2354E-001
833.47  1.1951E-001
833.88  1.1561E-001
834.28  1.1188E-001
834.68  1.0830E-001
835.08  1.0487E-001
835.49  1.0159E-001
835.89  9.8413E-002
836.29  9.5345E-002
836.70  9.2405E-002
837.10  8.9586E-002
837.50  8.6899E-002
837.90  8.4349E-002
838.30  8.1944E-002
838.71  7.9705E-002
839.11  7.7624E-002
839.51  7.5739E-002
839.91  7.3970E-002
840.31  7.2300E-002
840.71  7.0792E-002
841.12  6.9374E-002
841.52  6.8072E-002
841.92  6.6835E-002
842.32  6.5659E-002
842.72  6.4593E-002
843.12  6.3643E-002
843.52  6.2777E-002
843.92  6.2018E-002
844.32  6.1348E-002
844.72  6.0753E-002
845.12  6.0241E-002
845.52  5.9773E-002
845.92  5.9371E-002
846.32  5.8966E-002
846.72  5.8614E-002
847.12  5.8348E-002
847.52  5.8101E-002
847.92  5.7908E-002
848.32  5.7827E-002
848.72  5.7813E-002
849.12  5.7925E-002
849.52  5.8130E-002
849.92  5.8372E-002
850.32  5.8732E-002
850.72  5.9207E-002
851.12  5.9786E-002
851.52  6.0469E-002
851.91  6.1219E-002
852.31  6.2095E-002
852.71  6.3084E-002
853.11  6.4202E-002
853.51  6.5455E-002
853.91  6.6825E-002
854.30  6.8380E-002
854.70  7.0091E-002
855.10  7.1959E-002
855.50  7.4038E-002
855.90  7.6255E-002
856.29  7.8627E-002
856.69  8.1240E-002
857.09  8.4049E-002
857.48  8.7027E-002
857.88  9.0194E-002
858.28  9.3569E-002
858.68  9.7218E-002
859.07  1.0114E-001
859.47  1.0531E-001
859.87  1.0972E-001
860.26  1.1435E-001
860.66  1.1919E-001
861.05  1.2421E-001
861.45  1.2942E-001
861.85  1.3474E-001
862.24  1.4015E-001
862.64  1.4569E-001
863.03  1.5134E-001
863.43  1.5707E-001
863.83  1.6280E-001
864.22  1.6853E-001
864.62  1.7423E-001
865.01  1.7987E-001
865.41  1.8541E-001
865.80  1.9079E-001
866.20  1.9604E-001
866.59  2.0112E-001
866.99  2.0601E-001
867.38  2.1066E-001
867.78  2.1507E-001
868.17  2.1923E-001
868.57  2.2315E-001
868.96  2.2681E-001
869.35  2.3030E-001
869.75  2.3362E-001
870.14  2.3678E-001
870.54  2.3994E-001
870.93  2.4309E-001
871.32  2.4633E-001
871.72  2.4971E-001
872.11  2.5327E-001
872.50  2.5704E-001
872.90  2.6104E-001
873.29  2.6541E-001
873.68  2.7016E-001
874.08  2.7531E-001
874.47  2.8082E-001
874.86  2.8669E-001
875.25  2.9285E-001
875.65  2.9926E-001
876.04  3.0577E-001
876.43  3.1235E-001
876.82  3.1891E-001
877.22  3.2527E-001
877.61  3.3133E-001
878.00  3.3696E-001
878.39  3.4196E-001
878.78  3.4618E-001
879.17  3.4961E-001
879.57  3.5218E-001
879.96  3.5378E-001
880.35  3.5430E-001
880.74  3.5377E-001
881.13  3.5219E-001
881.52  3.4956E-001
881.91  3.4596E-001
882.30  3.4153E-001
882.70  3.3635E-001
883.09  3.3055E-001
883.48  3.2420E-001
883.87  3.1732E-001
884.26  3.1007E-001
884.65  3.0253E-001
885.04  2.9484E-001
885.43  2.8713E-001
885.82  2.7940E-001
886.21  2.7168E-001
886.60  2.6403E-001
886.99  2.5651E-001
887.38  2.4917E-001
887.77  2.4206E-001
888.15  2.3521E-001
888.54  2.2860E-001
888.93  2.2222E-001
889.32  2.1605E-001
889.71  2.1012E-001
890.10  2.0442E-001
890.49  1.9897E-001
890.88  1.9369E-001
891.27  1.8860E-001
891.65  1.8368E-001
892.04  1.7887E-001
892.43  1.7425E-001
892.82  1.6979E-001
893.21  1.6545E-001
893.59  1.6126E-001
893.98  1.5724E-001
894.37  1.5335E-001
894.76  1.4959E-001
895.14  1.4601E-001
895.53  1.4254E-001
895.92  1.3919E-001
896.31  1.3589E-001
896.69  1.3267E-001
897.08  1.2960E-001
897.47  1.2666E-001
897.85  1.2383E-001
898.24  1.2110E-001
898.63  1.1845E-001
899.01  1.1592E-001
899.40  1.1345E-001
899.79  1.1108E-001
900.17  1.0880E-001
900.56  1.0656E-001
900.95  1.0438E-001
901.33  1.0222E-001
901.72  1.0011E-001
902.10  9.8075E-002
902.49  9.6096E-002
902.87  9.4203E-002
903.26  9.2395E-002
903.64  9.0609E-002
904.03  8.8886E-002
904.41  8.7212E-002
904.80  8.5568E-002
905.18  8.3980E-002
905.57  8.2393E-002
905.95  8.0888E-002
906.34  7.9431E-002
906.72  7.8012E-002
907.11  7.6655E-002
907.49  7.5288E-002
907.88  7.3939E-002
908.26  7.2627E-002
908.64  7.1368E-002
909.03  7.0196E-002
909.41  6.9102E-002
909.79  6.7999E-002
910.18  6.6924E-002
910.56  6.5841E-002
910.94  6.4786E-002
911.33  6.3809E-002
911.71  6.2945E-002
912.09  6.2128E-002
912.48  6.1319E-002
912.86  6.0513E-002
913.24  5.9764E-002
913.63  5.9044E-002
914.01  5.8360E-002
914.39  5.7764E-002
914.77  5.7182E-002
915.15  5.6608E-002
915.54  5.6001E-002
915.92  5.5367E-002
916.30  5.4805E-002
916.68  5.4311E-002
917.06  5.3835E-002
917.45  5.3418E-002
917.83  5.3002E-002
918.21  5.2528E-002
918.59  5.2041E-002
918.97  5.1547E-002
919.35  5.1076E-002
919.73  5.0611E-002
920.11  5.0104E-002
920.50  4.9621E-002
920.88  4.9097E-002
921.26  4.8580E-002
921.64  4.8086E-002
922.02  4.7605E-002
922.40  4.7107E-002
922.78  4.6589E-002
923.16  4.6031E-002
923.54  4.5517E-002
923.92  4.5023E-002
924.30  4.4539E-002
924.68  4.4124E-002
925.06  4.3758E-002
925.44  4.3406E-002
925.82  4.3084E-002
926.20  4.2734E-002
926.57  4.2371E-002
926.95  4.1984E-002
927.33  4.1571E-002
927.71  4.1177E-002
928.09  4.0779E-002
928.47  4.0385E-002
928.85  4.0042E-002
929.23  3.9721E-002
929.60  3.9418E-002
929.98  3.9158E-002
930.36  3.8860E-002
930.74  3.8567E-002
931.12  3.8203E-002
931.49  3.7820E-002
931.87  3.7460E-002
932.25  3.7110E-002
932.63  3.6806E-002
933.01  3.6596E-002
933.38  3.6439E-002
933.76  3.6328E-002
934.14  3.6184E-002
934.51  3.6007E-002
934.89  3.5891E-002
935.27  3.5750E-002
935.64  3.5612E-002
936.02  3.5438E-002
936.40  3.5212E-002
936.77  3.4944E-002
937.15  3.4686E-002
937.53  3.4455E-002
937.90  3.4245E-002
938.28  3.4031E-002
938.65  3.3747E-002
939.03  3.3404E-002
939.41  3.2986E-002
939.78  3.2579E-002
940.16  3.2235E-002
940.53  3.1864E-002
940.91  3.1488E-002
941.28  3.1066E-002
941.66  3.0654E-002
942.03  3.0346E-002
942.41  3.0083E-002
942.78  2.9851E-002
943.16  2.9694E-002
943.53  2.9529E-002
943.91  2.9399E-002
944.28  2.9297E-002
944.66  2.9236E-002
945.03  2.9215E-002
945.40  2.9217E-002
945.78  2.9230E-002
946.15  2.9239E-002
946.53  2.9235E-002
946.90  2.9309E-002
947.27  2.9495E-002
947.65  2.9772E-002
948.02  3.0076E-002
948.39  3.0356E-002
948.77  3.0685E-002
949.14  3.1051E-002
949.51  3.1376E-002
949.89  3.1680E-002
950.26  3.2029E-002
950.63  3.2395E-002
951.00  3.2670E-002
951.38  3.2914E-002
951.75  3.3182E-002
952.12  3.3475E-002
952.49  3.3760E-002
952.87  3.3930E-002
953.24  3.4060E-002
953.61  3.4104E-002
953.98  3.4152E-002
954.35  3.4144E-002
954.72  3.4160E-002
955.10  3.4148E-002
955.47  3.4108E-002
955.84  3.4114E-002
956.21  3.4165E-002
956.58  3.4190E-002
956.95  3.4219E-002
957.32  3.4303E-002
957.69  3.4362E-002
958.06  3.4438E-002
958.44  3.4567E-002
958.81  3.4668E-002
959.18  3.4782E-002
959.55  3.4910E-002
959.92  3.5029E-002
960.29  3.5089E-002
960.66  3.5161E-002
961.03  3.5230E-002
961.40  3.5277E-002
961.77  3.5268E-002
962.14  3.5287E-002
962.50  3.5286E-002
962.87  3.5283E-002
963.24  3.5299E-002
963.61  3.5265E-002
963.98  3.5302E-002
964.35  3.5310E-002
964.72  3.5282E-002
965.09  3.5301E-002
965.46  3.5388E-002
965.83  3.5503E-002
966.19  3.5630E-002
966.56  3.5740E-002
966.93  3.5847E-002
967.30  3.5879E-002
967.67  3.5887E-002
968.03  3.5971E-002
968.40  3.5984E-002
968.77  3.5986E-002
969.14  3.5980E-002
969.51  3.5964E-002
969.87  3.5946E-002
970.24  3.5947E-002
970.61  3.5916E-002
970.97  3.5881E-002
971.34  3.5845E-002
971.71  3.5748E-002
972.08  3.5563E-002
972.44  3.5375E-002
972.81  3.5249E-002
973.18  3.5140E-002
973.54  3.5040E-002
973.91  3.4985E-002
974.27  3.4883E-002
974.64  3.4780E-002
975.01  3.4761E-002
975.37  3.4775E-002
975.74  3.4762E-002
976.10  3.4808E-002
976.47  3.4824E-002
976.84  3.4860E-002
977.20  3.4907E-002
977.57  3.4916E-002
977.93  3.4967E-002
978.30  3.5088E-002
978.66  3.5236E-002
979.03  3.5383E-002
979.39  3.5592E-002
979.76  3.5760E-002
980.12  3.5927E-002
980.48  3.6111E-002
980.85  3.6336E-002
981.21  3.6435E-002
981.58  3.6434E-002
981.94  3.6427E-002
982.31  3.6427E-002
982.67  3.6420E-002
983.03  3.6447E-002
983.40  3.6456E-002
983.76  3.6477E-002
984.12  3.6487E-002
984.49  3.6476E-002
984.85  3.6468E-002
985.21  3.6454E-002
985.58  3.6386E-002
985.94  3.6383E-002
986.30  3.6428E-002
986.67  3.6507E-002
987.03  3.6580E-002
987.39  3.6659E-002
987.75  3.6773E-002
988.12  3.6875E-002
988.48  3.6943E-002
988.84  3.7002E-002
989.20  3.7011E-002
989.56  3.7024E-002
989.93  3.7074E-002
990.29  3.7097E-002
990.65  3.7126E-002
991.01  3.7163E-002
991.37  3.7153E-002
991.73  3.7128E-002
992.10  3.7138E-002
992.46  3.7090E-002
992.82  3.7029E-002
993.18  3.6982E-002
993.54  3.6950E-002
993.90  3.6953E-002
994.26  3.6951E-002
994.62  3.6971E-002
994.98  3.7022E-002
995.34  3.7063E-002
995.70  3.7086E-002
996.06  3.7059E-002
996.42  3.7009E-002
996.78  3.6954E-002
997.14  3.6855E-002
997.50  3.6840E-002
997.86  3.6832E-002
998.22  3.6732E-002
998.58  3.6636E-002
998.94  3.6539E-002
999.30  3.6430E-002
999.66  3.6371E-002
1000.02  3.6297E-002
1000.38  3.6244E-002
1000.74  3.6206E-002
1001.09  3.6076E-002
1001.45  3.6030E-002
1001.81  3.5964E-002
1002.17  3.5956E-002
1002.53  3.5966E-002
1002.89  3.6021E-002
1003.24  3.6137E-002
1003.60  3.6194E-002
1003.96  3.6213E-002
1004.32  3.6248E-002
1004.68  3.6227E-002
1005.03  3.6132E-002
1005.39  3.5969E-002
1005.75  3.5745E-002
1006.11  3.5577E-002
1006.46  3.5318E-002
1006.82  3.4996E-002
1007.18  3.4801E-002
1007.53  3.4650E-002
1007.89  3.4450E-002
1008.25  3.4232E-002
1008.60  3.4026E-002
1008.96  3.3840E-002
1009.32  3.3616E-002
1009.67  3.3339E-002
1010.03  3.3101E-002
1010.39  3.2874E-002
1010.74  3.2747E-002
1011.10  3.2714E-002
1011.45  3.2737E-002
1011.81  3.2713E-002
1012.16  3.2572E-002
1012.52  3.2456E-002
1012.88  3.2445E-002
1013.23  3.2336E-002
1013.59  3.2157E-002
1013.94  3.2073E-002
1014.30  3.1939E-002
1014.65  3.1820E-002
1015.01  3.1704E-002
1015.36  3.1553E-002
1015.72  3.1511E-002
1016.07  3.1425E-002
1016.42  3.1355E-002
1016.78  3.1207E-002
1017.13  3.1001E-002
1017.49  3.0868E-002
1017.84  3.0800E-002
1018.19  3.0810E-002
1018.55  3.0893E-002
1018.90  3.0894E-002
1019.26  3.0900E-002
1019.61  3.0883E-002
1019.96  3.0874E-002
1020.32  3.0863E-002
1020.67  3.0890E-002
1021.02  3.0849E-002
1021.37  3.0836E-002
1021.73  3.0744E-002
1022.08  3.0610E-002
1022.43  3.0399E-002
1022.79  3.0209E-002
1023.14  2.9989E-002
1023.49  2.9657E-002
1023.84  2.9256E-002
1024.19  2.8798E-002
1024.55  2.8395E-002
1024.90  2.8033E-002
1025.25  2.7711E-002
1025.60  2.7377E-002
1025.95  2.6959E-002
1026.31  2.6619E-002
1026.66  2.6238E-002
1027.01  2.5825E-002
1027.36  2.5542E-002
1027.71  2.5252E-002
1028.06  2.5044E-002
1028.41  2.4913E-002
1028.76  2.4764E-002
1029.11  2.4616E-002
1029.46  2.4541E-002
1029.82  2.4489E-002
1030.17  2.4541E-002
1030.52  2.4528E-002
1030.87  2.4455E-002
1031.22  2.4330E-002
1031.57  2.4257E-002
1031.92  2.4234E-002
1032.27  2.4233E-002
1032.62  2.4134E-002
1032.97  2.4033E-002
1033.32  2.3839E-002
1033.66  2.3674E-002
1034.01  2.3582E-002
1034.36  2.3432E-002
1034.71  2.3332E-002
1035.06  2.3314E-002
1035.41  2.3244E-002
1035.76  2.3323E-002
1036.11  2.3310E-002
1036.46  2.3193E-002
1036.80  2.3089E-002
1037.15  2.3019E-002
1037.50  2.2954E-002
1037.85  2.2892E-002
1038.20  2.2789E-002
1038.55  2.2781E-002
1038.89  2.2837E-002
1039.24  2.2801E-002
1039.59  2.2760E-002
1039.94  2.2603E-002
1040.28  2.2369E-002
1040.63  2.2223E-002
1040.98  2.1999E-002
1041.33  2.1819E-002
1041.67  2.1598E-002
1042.02  2.1340E-002
1042.37  2.1178E-002
1042.71  2.1100E-002
1043.06  2.1049E-002
1043.41  2.0969E-002
1043.75  2.0972E-002
1044.10  2.0961E-002
1044.45  2.1001E-002
1044.79  2.0975E-002
1045.14  2.1005E-002
1045.48  2.0999E-002
1045.83  2.0911E-002
1046.18  2.0922E-002
1046.52  2.0837E-002
1046.87  2.0819E-002
1047.21  2.0846E-002
1047.56  2.0813E-002
1047.90  2.0873E-002
1048.25  2.0943E-002
1048.59  2.0880E-002
1048.94  2.0782E-002
1049.28  2.0696E-002
1049.63  2.0481E-002
1049.97  2.0329E-002
1050.32  2.0092E-002
1050.66  1.9923E-002
1051.01  1.9797E-002
1051.35  1.9623E-002
1051.70  1.9551E-002
1052.04  1.9521E-002
1052.38  1.9589E-002
1052.73  1.9653E-002
1053.07  1.9551E-002
1053.41  1.9560E-002
1053.76  1.9578E-002
1054.10  1.9520E-002
1054.44  1.9480E-002
1054.79  1.9374E-002
1055.13  1.9275E-002
1055.47  1.9238E-002
1055.82  1.9099E-002
1056.16  1.9080E-002
1056.50  1.9013E-002
1056.85  1.8892E-002
1057.19  1.8852E-002
1057.53  1.8932E-002
1057.87  1.8897E-002
1058.21  1.8880E-002
1058.56  1.8810E-002
1058.90  1.8867E-002
1059.24  1.8763E-002
1059.58  1.8638E-002
1059.92  1.8559E-002
1060.27  1.8510E-002
1060.61  1.8603E-002
1060.95  1.8666E-002
1061.29  1.8683E-002
1061.63  1.8738E-002
1061.97  1.8716E-002
1062.31  1.8729E-002
1062.65  1.8799E-002
1063.00  1.8788E-002
1063.34  1.8659E-002
1063.68  1.8614E-002
1064.02  1.8429E-002
1064.36  1.8218E-002
1064.70  1.7883E-002
1065.04  1.7600E-002
1065.38  1.7453E-002
1065.72  1.7278E-002
1066.06  1.7115E-002
1066.40  1.6895E-002
1066.74  1.6524E-002
1067.08  1.6163E-002
1067.42  1.5833E-002
1067.76  1.5542E-002
1068.10  1.5273E-002
1068.43  1.4900E-002
1068.77  1.4542E-002
1069.11  1.4305E-002
1069.45  1.4103E-002
1069.79  1.3926E-002
1070.13  1.3873E-002
1070.47  1.3927E-002
1070.81  1.4053E-002
1071.14  1.4103E-002
1071.48  1.4137E-002
1071.82  1.4207E-002
1072.16  1.4352E-002
1072.50  1.4518E-002
1072.83  1.4769E-002
1073.17  1.4957E-002
1073.51  1.5126E-002
1073.85  1.5187E-002
1074.19  1.5223E-002
1074.52  1.5312E-002
1074.86  1.5316E-002
1075.20  1.5326E-002
1075.53  1.5369E-002
1075.87  1.5378E-002
1076.21  1.5341E-002
1076.54  1.5238E-002
1076.88  1.4992E-002
1077.22  1.4956E-002
1077.55  1.4815E-002
1077.89  1.4587E-002
1078.23  1.4404E-002
1078.56  1.4238E-002
1078.90  1.4013E-002
1079.24  1.3795E-002
1079.57  1.3631E-002
1079.91  1.3705E-002
1080.24  1.3708E-002
1080.58  1.3517E-002
1080.91  1.2356E-002
1081.25  1.3908E-002
1081.58  1.2690E-002
1081.92  1.3004E-002
1082.25  1.2484E-002
1082.59  1.4984E-002
1082.92  0.0000E+000
1083.26  0.0000E+000
1083.59  0.0000E+000
1083.93  0.0000E+000
